index, address, array, ip_fold_1, pf_degree, valid, ppf_prediction
1, 119617581, ( 939 941 943 ), ( 0 0 308 ), ( 1 2 3 ), ( 1 1 1 ), ( 0 0 0 )
2, 71045274, ( 879 ), ( 0 ), ( 1 ), ( 1 ), ( 0 )
3, 71045273, ( 876 888 ), ( 0 0 ), ( 1 1 ), ( 1 1 ), ( 0 0 )
4, 71045272, ( 870 878 887 ), ( 0 0 0 ), ( 1 2 2 ), ( 1 1 1 ), ( 0 0 0 )
5, 71045270, ( 869 877 ), ( 0 311 ), ( 2 3 ), ( 1 1 ), ( 0 0 )
6, 71045268, ( 868 ), ( 311 ), ( 3 ), ( 1 ), ( 0 )
7, 71045269, ( 866 874 ), ( 0 311 ), ( 2 3 ), ( 1 1 ), ( 0 0 )
8, 71045264, ( 858 ), ( 0 ), ( 1 ), ( 1 ), ( 0 )
9, 71045262, ( 856 ), ( 311 ), ( 3 ), ( 1 ), ( 0 )
10, 71045271, ( 852 867 875 886 ), ( 0 0 0 311 ), ( 1 1 2 3 ), ( 1 1 1 1 ), ( 0 0 0 0 )
11, 71045267, ( 851 865 ), ( 0 311 ), ( 2 3 ), ( 1 1 ), ( 0 0 )
12, 71045263, ( 850 857 ), ( 311 0 ), ( 3 2 ), ( 1 1 ), ( 0 0 )
13, 71045261, ( 846 ), ( 0 ), ( 1 ), ( 1 ), ( 0 )
14, 71045260, ( 845 ), ( 0 ), ( 2 ), ( 1 ), ( 0 )
15, 104823873, ( 819 ), ( 0 ), ( 1 ), ( 1 ), ( 0 )
16, 104823875, ( 801 812 823 ), ( 0 0 311 ), ( 1 2 3 ), ( 1 1 1 ), ( 0 0 0 )
17, 3893242, ( 587 592 603 ), ( 0 0 311 ), ( 1 2 3 ), ( 1 1 1 ), ( 0 0 0 )
18, 57145835, ( 584 595 600 ), ( 0 0 308 ), ( 1 2 3 ), ( 0 0 0 ), ( 0 0 0 )
19, 3893241, ( 581 589 597 ), ( 0 0 311 ), ( 1 2 3 ), ( 1 1 1 ), ( 0 0 0 )
20, 57145834, ( 578 583 594 ), ( 0 0 308 ), ( 1 2 3 ), ( 0 0 0 ), ( 0 0 0 )
21, 57145833, ( 566 577 582 ), ( 0 0 308 ), ( 1 2 3 ), ( 0 0 0 ), ( 0 0 0 )
22, 57145832, ( 560 565 576 ), ( 0 0 308 ), ( 1 2 3 ), ( 0 0 0 ), ( 0 0 0 )
23, 3893236, ( 557 568 573 ), ( 0 0 311 ), ( 1 2 3 ), ( 1 1 1 ), ( 0 0 0 )
24, 57145831, ( 548 559 564 ), ( 0 0 308 ), ( 1 2 3 ), ( 0 0 0 ), ( 0 0 0 )
25, 57145830, ( 542 547 558 ), ( 0 0 308 ), ( 1 2 3 ), ( 0 0 0 ), ( 0 0 0 )
26, 3893232, ( 539 550 555 ), ( 0 0 311 ), ( 1 2 3 ), ( 1 1 1 ), ( 0 0 0 )
27, 3893231, ( 536 544 552 ), ( 0 0 311 ), ( 1 2 3 ), ( 1 1 1 ), ( 0 0 0 )
28, 3893230, ( 533 538 549 ), ( 0 0 311 ), ( 1 2 3 ), ( 1 1 1 ), ( 0 0 0 )
29, 57145829, ( 530 541 546 ), ( 0 0 308 ), ( 1 2 3 ), ( 0 0 0 ), ( 0 0 0 )
30, 57145828, ( 524 529 540 ), ( 0 0 308 ), ( 1 2 3 ), ( 0 0 0 ), ( 0 0 0 )
31, 3893226, ( 515 520 531 ), ( 0 0 311 ), ( 1 2 3 ), ( 1 1 1 ), ( 0 0 0 )
32, 57145827, ( 512 523 528 ), ( 0 0 308 ), ( 1 2 3 ), ( 0 0 0 ), ( 0 0 0 )
33, 3893225, ( 509 517 525 ), ( 0 0 311 ), ( 1 2 3 ), ( 1 1 1 ), ( 0 0 0 )
34, 57145826, ( 506 511 522 ), ( 0 0 308 ), ( 1 2 3 ), ( 0 0 0 ), ( 0 0 0 )
35, 3893224, ( 503 514 519 ), ( 0 0 311 ), ( 1 2 3 ), ( 1 1 1 ), ( 0 0 0 )
36, 3893223, ( 500 508 516 ), ( 0 0 311 ), ( 1 2 3 ), ( 1 1 1 ), ( 0 0 0 )
37, 3893222, ( 497 502 513 ), ( 0 0 311 ), ( 1 2 3 ), ( 1 1 1 ), ( 0 0 0 )
38, 57145825, ( 494 505 510 ), ( 0 0 308 ), ( 1 2 3 ), ( 0 0 0 ), ( 0 0 0 )
39, 3893221, ( 491 499 507 ), ( 0 0 311 ), ( 1 2 3 ), ( 1 1 1 ), ( 0 0 0 )
40, 57145824, ( 488 493 504 ), ( 0 0 308 ), ( 1 2 3 ), ( 0 0 0 ), ( 0 0 0 )
41, 3893220, ( 485 496 501 ), ( 0 0 311 ), ( 1 2 3 ), ( 1 1 1 ), ( 0 0 0 )
42, 3893219, ( 482 490 498 ), ( 0 0 311 ), ( 1 2 3 ), ( 1 1 1 ), ( 0 0 0 )
43, 3893218, ( 479 484 495 ), ( 0 0 311 ), ( 1 2 3 ), ( 1 1 1 ), ( 0 0 0 )
44, 57145823, ( 476 487 492 ), ( 0 0 308 ), ( 1 2 3 ), ( 0 0 0 ), ( 0 0 0 )
45, 3893217, ( 473 481 489 ), ( 0 0 311 ), ( 1 2 3 ), ( 1 1 1 ), ( 0 0 0 )
46, 57145822, ( 470 475 486 ), ( 0 0 308 ), ( 1 2 3 ), ( 0 0 0 ), ( 0 0 0 )
47, 3893216, ( 467 478 483 ), ( 0 0 311 ), ( 1 2 3 ), ( 1 1 1 ), ( 0 0 0 )
48, 3893215, ( 464 472 480 ), ( 0 0 311 ), ( 1 2 3 ), ( 1 1 1 ), ( 0 0 0 )
49, 3893214, ( 461 466 477 ), ( 0 0 311 ), ( 1 2 3 ), ( 1 1 1 ), ( 0 0 0 )
50, 57145821, ( 458 469 474 ), ( 0 0 308 ), ( 1 2 3 ), ( 0 0 0 ), ( 0 0 0 )
51, 3893213, ( 455 463 471 ), ( 0 0 311 ), ( 1 2 3 ), ( 1 1 1 ), ( 0 0 0 )
52, 57145820, ( 452 457 468 ), ( 0 0 308 ), ( 1 2 3 ), ( 0 0 0 ), ( 0 0 0 )
53, 3893212, ( 449 460 465 ), ( 0 0 311 ), ( 1 2 3 ), ( 1 1 1 ), ( 0 0 0 )
54, 3893211, ( 446 454 462 ), ( 0 0 311 ), ( 1 2 3 ), ( 1 1 1 ), ( 0 0 0 )
55, 3893210, ( 443 448 459 ), ( 0 0 311 ), ( 1 2 3 ), ( 1 1 1 ), ( 0 0 0 )
56, 57145819, ( 440 451 456 ), ( 0 0 308 ), ( 1 2 3 ), ( 0 0 0 ), ( 0 0 0 )
57, 3893209, ( 437 445 453 ), ( 0 0 311 ), ( 1 2 3 ), ( 1 1 1 ), ( 0 0 0 )
58, 57145818, ( 434 439 450 ), ( 0 0 308 ), ( 1 2 3 ), ( 0 0 0 ), ( 0 0 0 )
59, 3893208, ( 431 442 447 ), ( 0 0 311 ), ( 1 2 3 ), ( 1 1 1 ), ( 0 0 0 )
60, 3893207, ( 428 436 444 ), ( 0 0 311 ), ( 1 2 3 ), ( 1 1 1 ), ( 0 0 0 )
61, 3893206, ( 425 430 441 ), ( 0 0 311 ), ( 1 2 3 ), ( 1 1 1 ), ( 0 0 0 )
62, 57145817, ( 422 433 438 ), ( 0 0 308 ), ( 1 2 3 ), ( 0 0 0 ), ( 0 0 0 )
63, 3893205, ( 419 427 435 ), ( 0 0 311 ), ( 1 2 3 ), ( 1 1 1 ), ( 0 0 0 )
64, 57145816, ( 416 421 432 ), ( 0 0 308 ), ( 1 2 3 ), ( 0 0 0 ), ( 0 0 0 )
65, 3893204, ( 413 424 429 ), ( 0 0 311 ), ( 1 2 3 ), ( 1 1 1 ), ( 0 0 0 )
66, 3893203, ( 410 418 426 ), ( 0 0 311 ), ( 1 2 3 ), ( 1 1 1 ), ( 0 0 0 )
67, 3893202, ( 407 412 423 ), ( 0 0 311 ), ( 1 2 3 ), ( 1 1 1 ), ( 0 0 0 )
68, 3893200, ( 406 411 ), ( 0 311 ), ( 2 3 ), ( 1 1 ), ( 0 0 )
69, 57145815, ( 404 415 420 ), ( 0 0 308 ), ( 1 2 3 ), ( 0 0 0 ), ( 0 0 0 )
70, 3893201, ( 401 409 417 ), ( 0 0 311 ), ( 1 2 3 ), ( 1 1 1 ), ( 0 0 0 )
71, 57145814, ( 398 403 414 ), ( 0 0 308 ), ( 1 2 3 ), ( 0 0 0 ), ( 0 0 0 )
72, 3893199, ( 394 400 408 ), ( 0 0 311 ), ( 1 2 3 ), ( 1 1 1 ), ( 0 0 0 )
73, 57145813, ( 391 397 402 ), ( 0 0 308 ), ( 1 2 3 ), ( 0 0 0 ), ( 0 0 0 )
74, 3893198, ( 388 405 ), ( 0 311 ), ( 1 3 ), ( 1 1 ), ( 0 0 )
75, 3893196, ( 387 395 ), ( 0 311 ), ( 2 3 ), ( 1 1 ), ( 0 0 )
76, 3893194, ( 386 ), ( 311 ), ( 3 ), ( 1 ), ( 0 )
77, 3893197, ( 385 393 399 ), ( 0 0 311 ), ( 1 2 3 ), ( 1 1 1 ), ( 0 0 0 )
78, 57145812, ( 382 390 396 ), ( 0 0 308 ), ( 1 2 3 ), ( 0 0 0 ), ( 0 0 0 )
79, 3893195, ( 379 384 392 ), ( 0 0 311 ), ( 1 2 3 ), ( 1 1 1 ), ( 0 0 0 )
80, 3893193, ( 378 383 ), ( 0 311 ), ( 2 3 ), ( 1 1 ), ( 0 0 )
81, 3893191, ( 377 ), ( 311 ), ( 3 ), ( 1 ), ( 0 )
82, 57145811, ( 376 381 389 ), ( 0 0 308 ), ( 1 2 3 ), ( 0 0 0 ), ( 0 0 0 )
83, 57145810, ( 373 375 380 ), ( 0 0 308 ), ( 1 2 3 ), ( 0 0 0 ), ( 0 0 0 )
84, 57145809, ( 370 372 374 ), ( 0 0 308 ), ( 1 2 3 ), ( 0 0 0 ), ( 0 0 0 )
85, 57145808, ( 364 369 371 ), ( 0 0 308 ), ( 1 2 3 ), ( 0 0 0 ), ( 0 0 0 )
86, 26212610, ( 355 360 ), ( 0 0 ), ( 1 2 ), ( 1 1 ), ( 0 0 )
87, 57145807, ( 352 363 368 ), ( 0 0 308 ), ( 1 2 3 ), ( 0 0 0 ), ( 0 0 0 )
88, 57145806, ( 346 351 362 ), ( 0 0 308 ), ( 1 2 3 ), ( 0 0 0 ), ( 0 0 0 )
89, 26212606, ( 337 342 353 ), ( 0 0 311 ), ( 1 2 3 ), ( 1 1 1 ), ( 0 0 0 )
90, 57145805, ( 334 345 350 ), ( 0 0 308 ), ( 1 2 3 ), ( 0 0 0 ), ( 0 0 0 )
91, 57145804, ( 328 333 344 ), ( 0 0 308 ), ( 1 2 3 ), ( 0 0 0 ), ( 0 0 0 )
92, 57145803, ( 316 327 332 ), ( 0 0 308 ), ( 1 2 3 ), ( 0 0 0 ), ( 0 0 0 )
93, 57145802, ( 310 315 326 ), ( 0 0 308 ), ( 1 2 3 ), ( 0 0 0 ), ( 0 0 0 )
94, 57145801, ( 298 309 314 ), ( 0 0 308 ), ( 1 2 3 ), ( 0 0 0 ), ( 0 0 0 )
95, 57145800, ( 292 297 308 ), ( 0 0 308 ), ( 1 2 3 ), ( 0 0 0 ), ( 0 0 0 )
96, 26212592, ( 282 287 ), ( 0 311 ), ( 2 3 ), ( 1 1 ), ( 0 0 )
97, 57145799, ( 280 291 296 ), ( 0 0 308 ), ( 1 2 3 ), ( 0 0 0 ), ( 0 0 0 )
98, 26212593, ( 277 285 293 ), ( 0 0 311 ), ( 1 2 3 ), ( 1 1 1 ), ( 0 0 0 )
99, 57145798, ( 274 279 290 ), ( 0 0 308 ), ( 1 2 3 ), ( 0 0 0 ), ( 0 0 0 )
100, 57145797, ( 271 273 278 ), ( 0 0 308 ), ( 1 2 3 ), ( 0 0 0 ), ( 0 0 0 )
101, 57145796, ( 270 272 ), ( 0 308 ), ( 2 3 ), ( 0 0 ), ( 0 0 )
102, 57145795, ( 269 ), ( 308 ), ( 3 ), ( 0 ), ( 0 )
103, 71045259, ( 844 ), ( 311 ), ( 3 ), ( 1 ), ( 0 )
104, 123893314, ( 265 ), ( 0 ), ( 1 ), ( 1 ), ( 0 )
105, 123893313, ( 256 264 ), ( 0 0 ), ( 1 2 ), ( 1 1 ), ( 0 0 )
106, 26212577, ( 251 ), ( 311 ), ( 3 ), ( 1 ), ( 0 )
107, 71045257, ( 837 ), ( 0 ), ( 1 ), ( 1 ), ( 0 )
108, 123893312, ( 250 255 263 ), ( 0 0 308 ), ( 1 2 3 ), ( 1 1 1 ), ( 0 0 0 )
109, 26212576, ( 245 ), ( 311 ), ( 3 ), ( 1 ), ( 0 )
110, 71045256, ( 836 ), ( 0 ), ( 2 ), ( 1 ), ( 0 )
111, 123893311, ( 244 249 254 ), ( 0 0 308 ), ( 1 2 3 ), ( 1 1 1 ), ( 0 0 0 )
112, 71045255, ( 835 ), ( 311 ), ( 3 ), ( 1 ), ( 0 )
113, 123893310, ( 238 243 248 ), ( 0 0 308 ), ( 1 2 3 ), ( 1 1 1 ), ( 0 0 0 )
114, 26212572, ( 234 ), ( 0 ), ( 2 ), ( 1 ), ( 0 )
115, 123893309, ( 232 237 242 ), ( 0 0 308 ), ( 1 2 3 ), ( 1 1 1 ), ( 0 0 0 )
116, 123893308, ( 226 231 236 ), ( 0 0 308 ), ( 1 2 3 ), ( 1 1 1 ), ( 0 0 0 )
117, 26212569, ( 223 ), ( 0 ), ( 1 ), ( 1 ), ( 0 )
118, 26212568, ( 222 ), ( 0 ), ( 2 ), ( 1 ), ( 0 )
119, 123893307, ( 220 225 230 ), ( 0 0 308 ), ( 1 2 3 ), ( 1 1 1 ), ( 0 0 0 )
120, 123893306, ( 214 219 224 ), ( 0 0 308 ), ( 1 2 3 ), ( 1 1 1 ), ( 0 0 0 )
121, 26212565, ( 211 ), ( 0 ), ( 1 ), ( 1 ), ( 0 )
122, 26212564, ( 210 ), ( 0 ), ( 2 ), ( 1 ), ( 0 )
123, 123893305, ( 208 213 218 ), ( 0 0 308 ), ( 1 2 3 ), ( 1 1 1 ), ( 0 0 0 )
124, 26212571, ( 205 216 227 233 ), ( 0 0 311 311 ), ( 1 2 3 3 ), ( 1 1 1 1 ), ( 0 0 0 0 )
125, 123893304, ( 202 207 212 ), ( 0 0 308 ), ( 1 2 3 ), ( 1 1 1 ), ( 0 0 0 )
126, 123893303, ( 196 201 206 ), ( 0 0 308 ), ( 1 2 3 ), ( 1 1 1 ), ( 0 0 0 )
127, 26212567, ( 193 204 215 221 ), ( 0 0 311 311 ), ( 1 2 3 3 ), ( 1 1 1 1 ), ( 0 0 0 0 )
128, 26212563, ( 192 203 209 ), ( 0 311 311 ), ( 2 3 3 ), ( 1 1 1 ), ( 0 0 0 )
129, 123893302, ( 190 195 200 ), ( 0 0 308 ), ( 1 2 3 ), ( 1 1 1 ), ( 0 0 0 )
130, 123893301, ( 184 189 194 ), ( 0 0 308 ), ( 1 2 3 ), ( 1 1 1 ), ( 0 0 0 )
131, 123893300, ( 181 183 188 ), ( 0 0 308 ), ( 1 2 3 ), ( 1 1 1 ), ( 0 0 0 )
132, 123893299, ( 175 180 182 ), ( 0 0 308 ), ( 1 2 3 ), ( 1 1 1 ), ( 0 0 0 )
133, 123893298, ( 172 174 179 ), ( 0 0 308 ), ( 1 2 3 ), ( 1 1 1 ), ( 0 0 0 )
134, 123893297, ( 169 171 173 ), ( 0 0 308 ), ( 1 2 3 ), ( 1 1 1 ), ( 0 0 0 )
135, 123893296, ( 166 168 170 ), ( 0 0 308 ), ( 1 2 3 ), ( 1 1 1 ), ( 0 0 0 )
136, 123893295, ( 163 165 167 ), ( 0 0 308 ), ( 1 2 3 ), ( 1 1 1 ), ( 0 0 0 )
137, 94874237, ( 160 ), ( 0 ), ( 1 ), ( 1 ), ( 0 )
138, 94874236, ( 159 ), ( 0 ), ( 2 ), ( 1 ), ( 0 )
139, 94874235, ( 158 ), ( 311 ), ( 3 ), ( 1 ), ( 0 )
140, 123893294, ( 157 162 164 ), ( 0 0 308 ), ( 1 2 3 ), ( 1 1 1 ), ( 0 0 0 )
141, 123893293, ( 154 156 161 ), ( 0 0 308 ), ( 1 2 3 ), ( 1 1 1 ), ( 0 0 0 )
142, 123893292, ( 151 153 155 ), ( 0 0 308 ), ( 1 2 3 ), ( 1 1 1 ), ( 0 0 0 )
143, 94874232, ( 148 ), ( 0 ), ( 1 ), ( 1 ), ( 0 )
144, 94874231, ( 147 ), ( 0 ), ( 2 ), ( 1 ), ( 0 )
145, 94874230, ( 146 ), ( 311 ), ( 3 ), ( 1 ), ( 0 )
146, 123893291, ( 145 150 152 ), ( 0 0 308 ), ( 1 2 3 ), ( 1 1 1 ), ( 0 0 0 )
147, 123893290, ( 142 144 149 ), ( 0 0 308 ), ( 1 2 3 ), ( 1 1 1 ), ( 0 0 0 )
148, 123893289, ( 139 141 143 ), ( 0 0 308 ), ( 1 2 3 ), ( 1 1 1 ), ( 0 0 0 )
149, 123893288, ( 136 138 140 ), ( 0 0 308 ), ( 1 2 3 ), ( 1 1 1 ), ( 0 0 0 )
150, 123893287, ( 133 135 137 ), ( 0 0 308 ), ( 1 2 3 ), ( 1 1 1 ), ( 0 0 0 )
151, 123893286, ( 130 132 134 ), ( 0 0 308 ), ( 1 2 3 ), ( 1 1 1 ), ( 0 0 0 )
152, 123893285, ( 127 129 131 ), ( 0 0 308 ), ( 1 2 3 ), ( 1 1 1 ), ( 0 0 0 )
153, 94874217, ( 124 ), ( 0 ), ( 1 ), ( 1 ), ( 0 )
154, 94874216, ( 123 ), ( 0 ), ( 2 ), ( 1 ), ( 0 )
155, 94874215, ( 122 ), ( 311 ), ( 3 ), ( 1 ), ( 0 )
156, 123893284, ( 121 126 128 ), ( 0 0 308 ), ( 1 2 3 ), ( 1 1 1 ), ( 0 0 0 )
157, 123893283, ( 118 120 125 ), ( 0 0 308 ), ( 1 2 3 ), ( 1 1 1 ), ( 0 0 0 )
158, 123893282, ( 115 117 119 ), ( 0 0 308 ), ( 1 2 3 ), ( 1 1 1 ), ( 0 0 0 )
159, 123893281, ( 112 114 116 ), ( 0 0 308 ), ( 1 2 3 ), ( 1 1 1 ), ( 0 0 0 )
160, 123893280, ( 109 111 113 ), ( 0 0 308 ), ( 1 2 3 ), ( 1 1 1 ), ( 0 0 0 )
161, 123893279, ( 106 108 110 ), ( 0 0 308 ), ( 1 2 3 ), ( 1 1 1 ), ( 0 0 0 )
162, 123893278, ( 103 105 107 ), ( 0 0 308 ), ( 1 2 3 ), ( 1 1 1 ), ( 0 0 0 )
163, 123893277, ( 100 102 104 ), ( 0 0 308 ), ( 1 2 3 ), ( 1 1 1 ), ( 0 0 0 )
164, 123893276, ( 97 99 101 ), ( 0 0 308 ), ( 1 2 3 ), ( 1 1 1 ), ( 0 0 0 )
165, 123893275, ( 94 96 98 ), ( 0 0 308 ), ( 1 2 3 ), ( 1 1 1 ), ( 0 0 0 )
166, 123893274, ( 88 93 95 ), ( 0 0 308 ), ( 1 2 3 ), ( 1 1 1 ), ( 0 0 0 )
167, 123893273, ( 85 87 92 ), ( 0 0 308 ), ( 1 2 3 ), ( 1 1 1 ), ( 0 0 0 )
168, 94874198, ( 82 ), ( 0 ), ( 1 ), ( 1 ), ( 0 )
169, 94874195, ( 78 89 ), ( 0 311 ), ( 2 3 ), ( 1 1 ), ( 0 0 )
170, 123893272, ( 76 84 86 ), ( 0 0 308 ), ( 1 2 3 ), ( 1 1 1 ), ( 0 0 0 )
171, 94874196, ( 73 81 90 ), ( 0 0 0 ), ( 1 2 2 ), ( 1 1 1 ), ( 0 0 0 )
172, 94874194, ( 72 80 ), ( 0 311 ), ( 2 3 ), ( 1 1 ), ( 0 0 )
173, 94874192, ( 71 ), ( 311 ), ( 3 ), ( 1 ), ( 0 )
174, 123893271, ( 70 75 83 ), ( 0 0 308 ), ( 1 2 3 ), ( 1 1 1 ), ( 0 0 0 )
175, 123893270, ( 67 69 74 ), ( 0 0 308 ), ( 1 2 3 ), ( 1 1 1 ), ( 0 0 0 )
176, 123893269, ( 61 66 68 ), ( 0 0 308 ), ( 1 2 3 ), ( 1 1 1 ), ( 0 0 0 )
177, 123893268, ( 58 60 65 ), ( 0 0 308 ), ( 1 2 3 ), ( 1 1 1 ), ( 0 0 0 )
178, 94874184, ( 55 ), ( 0 ), ( 1 ), ( 1 ), ( 0 )
179, 123893267, ( 52 57 59 ), ( 0 0 308 ), ( 1 2 3 ), ( 1 1 1 ), ( 0 0 0 )
180, 123893266, ( 49 51 56 ), ( 0 0 308 ), ( 1 2 3 ), ( 1 1 1 ), ( 0 0 0 )
181, 123893265, ( 46 48 50 ), ( 0 0 308 ), ( 1 2 3 ), ( 1 1 1 ), ( 0 0 0 )
182, 123893264, ( 43 45 47 ), ( 0 0 308 ), ( 1 2 3 ), ( 1 1 1 ), ( 0 0 0 )
183, 10605636, ( 40 ), ( 0 ), ( 1 ), ( 1 ), ( 0 )
184, 10605634, ( 39 ), ( 0 ), ( 2 ), ( 1 ), ( 0 )
185, 10605632, ( 38 ), ( 311 ), ( 3 ), ( 1 ), ( 0 )
186, 10605635, ( 37 ), ( 0 ), ( 1 ), ( 1 ), ( 0 )
187, 10605633, ( 36 ), ( 0 ), ( 2 ), ( 1 ), ( 0 )
188, 10605631, ( 35 ), ( 311 ), ( 3 ), ( 1 ), ( 0 )
189, 123893263, ( 34 42 44 ), ( 0 0 308 ), ( 1 2 3 ), ( 1 1 1 ), ( 0 0 0 )
190, 123893262, ( 33 41 ), ( 0 308 ), ( 2 3 ), ( 1 1 ), ( 0 0 )
191, 123893261, ( 32 ), ( 308 ), ( 3 ), ( 1 ), ( 0 )
192, 123893260, ( 28 ), ( 0 ), ( 1 ), ( 1 ), ( 0 )
193, 123893259, ( 27 ), ( 0 ), ( 2 ), ( 1 ), ( 0 )
194, 123893258, ( 26 ), ( 303 ), ( 3 ), ( 1 ), ( 0 )
195, 123893256, ( 22 ), ( 0 ), ( 1 ), ( 1 ), ( 0 )
196, 26212561, ( 199 ), ( 0 ), ( 1 ), ( 1 ), ( 0 )
197, 41569922, ( 19 ), ( 0 ), ( 1 ), ( 1 ), ( 0 )
198, 26212560, ( 198 ), ( 0 ), ( 2 ), ( 1 ), ( 0 )
199, 41569921, ( 18 ), ( 0 ), ( 2 ), ( 1 ), ( 0 )
200, 26212559, ( 191 197 ), ( 311 311 ), ( 3 3 ), ( 1 1 ), ( 0 0 )
201, 41569920, ( 17 ), ( 306 ), ( 3 ), ( 1 ), ( 0 )
202, 123893255, ( 16 21 ), ( 0 0 ), ( 1 2 ), ( 1 1 ), ( 0 0 )
203, 123893254, ( 13 15 20 ), ( 0 0 303 ), ( 1 2 3 ), ( 1 1 1 ), ( 0 0 0 )
204, 41569919, ( 7 ), ( 0 ), ( 1 ), ( 1 ), ( 0 )
205, 123893253, ( 4 12 14 ), ( 0 0 303 ), ( 1 2 3 ), ( 1 1 1 ), ( 0 0 0 )
206, 123893252, ( 3 11 ), ( 0 303 ), ( 2 3 ), ( 1 1 ), ( 0 0 )
207, 123893251, ( 2 ), ( 303 ), ( 3 ), ( 1 ), ( 0 )
208, 26212557, ( 187 ), ( 0 ), ( 1 ), ( 1 ), ( 0 )
209, 41569918, ( 1 10 ), ( 0 0 ), ( 1 1 ), ( 1 1 ), ( 0 0 )
210, 26212556, ( 186 ), ( 0 ), ( 2 ), ( 1 ), ( 0 )
211, 41569917, ( 2046 6 9 ), ( 0 0 0 ), ( 1 2 2 ), ( 1 1 1 ), ( 0 0 0 )
212, 26212555, ( 185 ), ( 311 ), ( 3 ), ( 1 ), ( 0 )
213, 41569916, ( 2043 0 8 ), ( 0 0 306 ), ( 1 2 3 ), ( 1 1 1 ), ( 0 0 0 )
214, 41569915, ( 2040 2045 5 ), ( 0 0 306 ), ( 1 2 3 ), ( 1 1 1 ), ( 0 0 0 )
215, 26212553, ( 178 ), ( 0 ), ( 1 ), ( 1 ), ( 0 )
216, 41569914, ( 2037 2042 2047 ), ( 0 0 306 ), ( 1 2 3 ), ( 1 1 1 ), ( 0 0 0 )
217, 86204930, ( 2034 ), ( 0 ), ( 1 ), ( 1 ), ( 0 )
218, 26212552, ( 177 ), ( 0 ), ( 2 ), ( 1 ), ( 0 )
219, 41569913, ( 2031 2039 2044 ), ( 0 0 306 ), ( 1 2 3 ), ( 1 1 1 ), ( 0 0 0 )
220, 26212551, ( 176 ), ( 311 ), ( 3 ), ( 1 ), ( 0 )
221, 41569912, ( 2028 2036 2041 ), ( 0 0 306 ), ( 1 2 3 ), ( 1 1 1 ), ( 0 0 0 )
222, 41569911, ( 2025 2030 2038 ), ( 0 0 306 ), ( 1 2 3 ), ( 1 1 1 ), ( 0 0 0 )
223, 86204929, ( 2022 2033 ), ( 0 0 ), ( 1 2 ), ( 1 1 ), ( 0 0 )
224, 41569910, ( 2019 2027 2035 ), ( 0 0 306 ), ( 1 2 3 ), ( 1 1 1 ), ( 0 0 0 )
225, 86204928, ( 2016 2021 2032 ), ( 0 0 303 ), ( 1 2 3 ), ( 1 1 1 ), ( 0 0 0 )
226, 41569909, ( 2013 2024 2029 ), ( 0 0 306 ), ( 1 2 3 ), ( 1 1 1 ), ( 0 0 0 )
227, 41569908, ( 2010 2018 2026 ), ( 0 0 306 ), ( 1 2 3 ), ( 1 1 1 ), ( 0 0 0 )
228, 41569907, ( 2007 2012 2023 ), ( 0 0 306 ), ( 1 2 3 ), ( 1 1 1 ), ( 0 0 0 )
229, 41569905, ( 2006 2011 ), ( 0 306 ), ( 2 3 ), ( 1 1 ), ( 0 0 )
230, 41569903, ( 2005 ), ( 306 ), ( 3 ), ( 1 ), ( 0 )
231, 86204927, ( 2004 2015 2020 ), ( 0 0 303 ), ( 1 2 3 ), ( 0 0 0 ), ( 0 0 1 )
232, 41569906, ( 2001 2009 2017 ), ( 0 0 306 ), ( 1 2 3 ), ( 1 1 1 ), ( 0 0 0 )
233, 41569904, ( 2000 2008 ), ( 0 306 ), ( 2 3 ), ( 1 1 ), ( 0 0 )
234, 41569902, ( 1999 ), ( 306 ), ( 3 ), ( 1 ), ( 0 )
235, 86204926, ( 1998 2003 2014 ), ( 0 0 303 ), ( 1 2 3 ), ( 0 0 0 ), ( 0 0 1 )
236, 86204925, ( 1995 1997 2002 ), ( 0 0 303 ), ( 1 2 3 ), ( 0 0 0 ), ( 0 0 1 )
237, 41569899, ( 1992 ), ( 0 ), ( 1 ), ( 1 ), ( 0 )
238, 41569898, ( 1991 ), ( 0 ), ( 2 ), ( 1 ), ( 0 )
239, 86204924, ( 1989 1994 1996 ), ( 0 0 303 ), ( 1 2 3 ), ( 0 0 0 ), ( 0 0 1 )
240, 86204923, ( 1986 1988 1993 ), ( 0 0 303 ), ( 1 2 3 ), ( 0 0 0 ), ( 0 0 1 )
241, 41569895, ( 1983 ), ( 0 ), ( 1 ), ( 1 ), ( 0 )
242, 86204922, ( 1980 1985 1987 ), ( 0 0 303 ), ( 1 2 3 ), ( 0 0 0 ), ( 0 0 1 )
243, 86204921, ( 1979 1984 ), ( 0 303 ), ( 2 3 ), ( 0 0 ), ( 0 1 )
244, 41569894, ( 1977 1982 ), ( 0 0 ), ( 1 2 ), ( 1 1 ), ( 0 0 )
245, 41569892, ( 1971 1973 1975 ), ( 0 0 306 ), ( 1 2 3 ), ( 1 1 1 ), ( 0 0 0 )
246, 41569891, ( 1966 1970 1972 ), ( 0 0 306 ), ( 1 2 3 ), ( 1 1 1 ), ( 0 0 0 )
247, 41569890, ( 1965 1969 ), ( 0 306 ), ( 2 3 ), ( 1 1 ), ( 0 0 )
248, 86204920, ( 1963 1968 1978 ), ( 0 0 303 ), ( 1 2 3 ), ( 0 0 0 ), ( 0 0 1 )
249, 86204919, ( 1960 1962 1967 ), ( 0 0 303 ), ( 1 2 3 ), ( 0 0 0 ), ( 0 0 1 )
250, 41569897, ( 1957 1990 ), ( 0 306 ), ( 1 3 ), ( 1 1 ), ( 0 0 )
251, 41569887, ( 1954 ), ( 0 ), ( 1 ), ( 1 ), ( 0 )
252, 41569886, ( 1953 ), ( 0 ), ( 2 ), ( 1 ), ( 0 )
253, 86204918, ( 1951 1959 1961 ), ( 0 0 303 ), ( 1 2 3 ), ( 0 0 0 ), ( 0 0 1 )
254, 86204917, ( 1948 1950 1958 ), ( 0 0 303 ), ( 1 2 3 ), ( 0 0 0 ), ( 0 0 0 )
255, 41569893, ( 1945 1956 1974 1976 1981 ), ( 0 0 0 0 306 ), ( 1 2 1 2 3 ), ( 1 1 1 1 1 ), ( 0 0 0 0 0 )
256, 41569883, ( 1942 ), ( 0 ), ( 1 ), ( 1 ), ( 0 )
257, 41569882, ( 1941 ), ( 0 ), ( 2 ), ( 1 ), ( 0 )
258, 86204916, ( 1939 1947 1949 ), ( 0 0 303 ), ( 1 2 3 ), ( 0 0 0 ), ( 0 0 0 )
259, 86204915, ( 1936 1938 1946 ), ( 0 0 303 ), ( 1 2 3 ), ( 0 0 0 ), ( 0 0 0 )
260, 41569889, ( 1933 1944 1955 1964 ), ( 0 0 306 306 ), ( 1 2 3 3 ), ( 1 1 1 1 ), ( 0 0 0 0 )
261, 41569879, ( 1930 ), ( 0 ), ( 1 ), ( 1 ), ( 0 )
262, 41569878, ( 1929 ), ( 0 ), ( 2 ), ( 1 ), ( 0 )
263, 86204914, ( 1927 1935 1937 ), ( 0 0 303 ), ( 1 2 3 ), ( 0 0 0 ), ( 0 0 0 )
264, 86204913, ( 1924 1926 1934 ), ( 0 0 303 ), ( 1 2 3 ), ( 0 0 0 ), ( 0 0 0 )
265, 41569885, ( 1921 1932 1943 1952 ), ( 0 0 306 306 ), ( 1 2 3 3 ), ( 1 1 1 1 ), ( 0 0 0 0 )
266, 41569875, ( 1918 ), ( 0 ), ( 1 ), ( 1 ), ( 0 )
267, 41569874, ( 1917 ), ( 0 ), ( 2 ), ( 1 ), ( 0 )
268, 86204912, ( 1915 1923 1925 ), ( 0 0 303 ), ( 1 2 3 ), ( 0 0 0 ), ( 0 0 0 )
269, 86204911, ( 1912 1914 1922 ), ( 0 0 303 ), ( 1 2 3 ), ( 0 0 0 ), ( 0 0 0 )
270, 41569881, ( 1909 1920 1931 1940 ), ( 0 0 306 306 ), ( 1 2 3 3 ), ( 1 1 1 1 ), ( 0 0 0 0 )
271, 41569877, ( 1908 1919 1928 ), ( 0 306 306 ), ( 2 3 3 ), ( 1 1 1 ), ( 0 0 0 )
272, 41569873, ( 1907 1916 ), ( 306 306 ), ( 3 3 ), ( 1 1 ), ( 0 0 )
273, 104823883, ( 825 ), ( 0 ), ( 1 ), ( 1 ), ( 0 )
274, 41569871, ( 1906 ), ( 0 ), ( 1 ), ( 1 ), ( 0 )
275, 41569870, ( 1905 ), ( 0 ), ( 2 ), ( 1 ), ( 0 )
276, 41569869, ( 1904 ), ( 306 ), ( 3 ), ( 1 ), ( 0 )
277, 86204910, ( 1903 1911 1913 ), ( 0 0 303 ), ( 1 2 3 ), ( 0 0 0 ), ( 0 0 0 )
278, 86204909, ( 1900 1902 1910 ), ( 0 0 303 ), ( 1 2 3 ), ( 0 0 0 ), ( 0 0 0 )
279, 104823879, ( 813 824 ), ( 0 0 ), ( 1 2 ), ( 1 1 ), ( 0 0 )
280, 41569867, ( 1897 ), ( 0 ), ( 1 ), ( 1 ), ( 0 )
281, 41569866, ( 1896 ), ( 0 ), ( 2 ), ( 1 ), ( 0 )
282, 41569865, ( 1895 ), ( 306 ), ( 3 ), ( 1 ), ( 0 )
283, 86204908, ( 1894 1899 1901 ), ( 0 0 303 ), ( 1 2 3 ), ( 0 0 0 ), ( 0 0 0 )
284, 86204907, ( 1891 1893 1898 ), ( 0 0 303 ), ( 1 2 3 ), ( 0 0 0 ), ( 0 0 0 )
285, 86204906, ( 1888 1890 1892 ), ( 0 0 303 ), ( 1 2 3 ), ( 0 0 0 ), ( 0 0 0 )
286, 86204905, ( 1885 1887 1889 ), ( 0 0 303 ), ( 1 2 3 ), ( 0 0 0 ), ( 0 0 0 )
287, 86204904, ( 1882 1884 1886 ), ( 0 0 303 ), ( 1 2 3 ), ( 0 0 0 ), ( 0 0 0 )
288, 86204903, ( 1879 1881 1883 ), ( 0 0 303 ), ( 1 2 3 ), ( 0 0 0 ), ( 0 0 0 )
289, 115928578, ( 1876 ), ( 0 ), ( 1 ), ( 1 ), ( 0 )
290, 86204902, ( 1873 1878 1880 ), ( 0 0 303 ), ( 1 2 3 ), ( 0 0 0 ), ( 0 0 0 )
291, 115928577, ( 1870 ), ( 0 ), ( 1 ), ( 1 ), ( 0 )
292, 115928576, ( 1867 1875 ), ( 0 0 ), ( 1 2 ), ( 1 1 ), ( 0 0 )
293, 115928575, ( 1864 1869 ), ( 0 0 ), ( 1 2 ), ( 1 1 ), ( 0 0 )
294, 86204901, ( 1861 1872 1877 ), ( 0 0 303 ), ( 1 2 3 ), ( 0 0 0 ), ( 0 0 0 )
295, 115928574, ( 1858 1866 1874 ), ( 0 0 306 ), ( 1 2 3 ), ( 1 1 1 ), ( 0 0 0 )
296, 86204900, ( 1855 1860 1871 ), ( 0 0 303 ), ( 1 2 3 ), ( 0 0 0 ), ( 0 0 0 )
297, 115928573, ( 1852 1863 1868 ), ( 0 0 306 ), ( 1 2 3 ), ( 1 1 1 ), ( 0 0 0 )
298, 115928572, ( 1849 1857 1865 ), ( 0 0 306 ), ( 1 2 3 ), ( 1 1 1 ), ( 0 0 0 )
299, 115928571, ( 1846 1851 1862 ), ( 0 0 306 ), ( 1 2 3 ), ( 1 1 1 ), ( 0 0 0 )
300, 86204899, ( 1843 1854 1859 ), ( 0 0 303 ), ( 1 2 3 ), ( 0 0 0 ), ( 0 0 0 )
301, 115928570, ( 1840 1848 1856 ), ( 0 0 306 ), ( 1 2 3 ), ( 1 1 1 ), ( 0 0 0 )
302, 86204898, ( 1837 1842 1853 ), ( 0 0 303 ), ( 1 2 3 ), ( 0 0 0 ), ( 0 0 0 )
303, 115928569, ( 1834 1845 1850 ), ( 0 0 306 ), ( 1 2 3 ), ( 1 1 1 ), ( 0 0 0 )
304, 115928568, ( 1831 1839 1847 ), ( 0 0 306 ), ( 1 2 3 ), ( 1 1 1 ), ( 0 0 0 )
305, 115928567, ( 1828 1833 1844 ), ( 0 0 306 ), ( 1 2 3 ), ( 1 1 1 ), ( 0 0 0 )
306, 86204897, ( 1825 1836 1841 ), ( 0 0 303 ), ( 1 2 3 ), ( 0 0 0 ), ( 0 0 0 )
307, 115928566, ( 1822 1830 1838 ), ( 0 0 306 ), ( 1 2 3 ), ( 1 1 1 ), ( 0 0 0 )
308, 86204896, ( 1819 1824 1835 ), ( 0 0 303 ), ( 1 2 3 ), ( 0 0 0 ), ( 0 0 0 )
309, 115928565, ( 1816 1827 1832 ), ( 0 0 306 ), ( 1 2 3 ), ( 1 1 1 ), ( 0 0 0 )
310, 115928564, ( 1813 1821 1829 ), ( 0 0 306 ), ( 1 2 3 ), ( 1 1 1 ), ( 0 0 0 )
311, 115928563, ( 1810 1815 1826 ), ( 0 0 306 ), ( 1 2 3 ), ( 1 1 1 ), ( 0 0 0 )
312, 86204895, ( 1807 1818 1823 ), ( 0 0 303 ), ( 1 2 3 ), ( 0 0 0 ), ( 0 0 0 )
313, 115928562, ( 1804 1812 1820 ), ( 0 0 306 ), ( 1 2 3 ), ( 1 1 1 ), ( 0 0 0 )
314, 86204894, ( 1801 1806 1817 ), ( 0 0 303 ), ( 1 2 3 ), ( 0 0 0 ), ( 0 0 0 )
315, 115928561, ( 1798 1809 1814 ), ( 0 0 306 ), ( 1 2 3 ), ( 1 1 1 ), ( 0 0 0 )
316, 115928560, ( 1795 1803 1811 ), ( 0 0 306 ), ( 1 2 3 ), ( 1 1 1 ), ( 0 0 0 )
317, 115928559, ( 1792 1797 1808 ), ( 0 0 306 ), ( 1 2 3 ), ( 1 1 1 ), ( 0 0 0 )
318, 115928557, ( 1791 1796 ), ( 0 306 ), ( 2 3 ), ( 1 1 ), ( 0 0 )
319, 86204893, ( 1789 1800 1805 ), ( 0 0 303 ), ( 1 2 3 ), ( 0 0 0 ), ( 0 0 0 )
320, 115928556, ( 1785 1793 ), ( 0 306 ), ( 2 3 ), ( 1 1 ), ( 0 0 )
321, 115928554, ( 1784 ), ( 306 ), ( 3 ), ( 1 ), ( 0 )
322, 86204892, ( 1783 1788 1799 ), ( 0 0 303 ), ( 1 2 3 ), ( 0 0 0 ), ( 0 0 0 )
323, 115928558, ( 1780 1786 1794 1802 ), ( 0 0 0 306 ), ( 1 1 2 3 ), ( 1 1 1 1 ), ( 0 0 0 0 )
324, 115928555, ( 1779 1790 ), ( 0 306 ), ( 2 3 ), ( 1 1 ), ( 0 0 )
325, 115928552, ( 1778 ), ( 306 ), ( 3 ), ( 1 ), ( 0 )
326, 86204891, ( 1777 1782 1787 ), ( 0 0 303 ), ( 1 2 3 ), ( 0 0 0 ), ( 0 0 0 )
327, 86204890, ( 1774 1776 1781 ), ( 0 0 303 ), ( 1 2 3 ), ( 0 0 0 ), ( 0 0 0 )
328, 57145858, ( 738 ), ( 0 ), ( 1 ), ( 1 ), ( 0 )
329, 86204889, ( 1771 1773 1775 ), ( 0 0 303 ), ( 1 2 3 ), ( 0 0 0 ), ( 0 0 0 )
330, 115928550, ( 1768 ), ( 0 ), ( 1 ), ( 1 ), ( 0 )
331, 57145857, ( 732 737 ), ( 0 0 ), ( 1 2 ), ( 1 1 ), ( 0 0 )
332, 86204888, ( 1765 1770 1772 ), ( 0 0 303 ), ( 1 2 3 ), ( 0 0 0 ), ( 0 0 0 )
333, 115928549, ( 1762 ), ( 0 ), ( 1 ), ( 1 ), ( 0 )
334, 115928548, ( 1759 1767 ), ( 0 0 ), ( 1 2 ), ( 1 1 ), ( 0 0 )
335, 57145856, ( 729 731 736 ), ( 0 0 308 ), ( 1 2 3 ), ( 1 1 1 ), ( 0 0 0 )
336, 86204887, ( 1753 1764 1769 ), ( 0 0 303 ), ( 1 2 3 ), ( 0 0 0 ), ( 0 0 0 )
337, 115928546, ( 1750 1758 1766 ), ( 0 0 306 ), ( 1 2 3 ), ( 1 1 1 ), ( 0 0 0 )
338, 57145855, ( 726 728 730 ), ( 0 0 308 ), ( 1 2 3 ), ( 0 0 0 ), ( 0 0 0 )
339, 86204886, ( 1747 1752 1763 ), ( 0 0 303 ), ( 1 2 3 ), ( 0 0 0 ), ( 0 0 0 )
340, 115928545, ( 1744 1755 1760 ), ( 0 0 306 ), ( 1 2 3 ), ( 1 1 1 ), ( 0 0 0 )
341, 115928541, ( 1742 ), ( 306 ), ( 3 ), ( 1 ), ( 0 )
342, 115928544, ( 1741 1749 1757 ), ( 0 0 306 ), ( 1 2 3 ), ( 1 1 1 ), ( 0 0 0 )
343, 115928542, ( 1740 1748 ), ( 0 306 ), ( 2 3 ), ( 1 1 ), ( 0 0 )
344, 115928540, ( 1739 ), ( 306 ), ( 3 ), ( 1 ), ( 0 )
345, 57145854, ( 720 725 727 ), ( 0 0 308 ), ( 1 2 3 ), ( 0 0 0 ), ( 0 0 0 )
346, 86204885, ( 1738 1746 1751 ), ( 0 0 303 ), ( 1 2 3 ), ( 0 0 0 ), ( 0 0 0 )
347, 57145853, ( 714 719 724 ), ( 0 0 308 ), ( 1 2 3 ), ( 0 0 0 ), ( 0 0 0 )
348, 86204884, ( 1735 1737 1745 ), ( 0 0 303 ), ( 1 2 3 ), ( 0 0 0 ), ( 0 0 0 )
349, 115928547, ( 1732 1756 1761 ), ( 0 0 0 ), ( 1 1 2 ), ( 1 1 1 ), ( 0 0 0 )
350, 115928543, ( 1731 1743 1754 ), ( 0 0 306 ), ( 2 2 3 ), ( 1 1 1 ), ( 0 0 0 )
351, 115928539, ( 1730 ), ( 306 ), ( 3 ), ( 1 ), ( 0 )
352, 115928537, ( 1729 ), ( 0 ), ( 1 ), ( 1 ), ( 0 )
353, 115928536, ( 1728 ), ( 0 ), ( 2 ), ( 1 ), ( 0 )
354, 115928535, ( 1727 ), ( 306 ), ( 3 ), ( 1 ), ( 0 )
355, 57145852, ( 711 713 718 ), ( 0 0 308 ), ( 1 2 3 ), ( 0 0 0 ), ( 0 0 0 )
356, 86204883, ( 1726 1734 1736 ), ( 0 0 303 ), ( 1 2 3 ), ( 0 0 0 ), ( 0 0 0 )
357, 57145851, ( 708 710 712 ), ( 0 0 308 ), ( 1 2 3 ), ( 0 0 0 ), ( 0 0 0 )
358, 86204882, ( 1723 1725 1733 ), ( 0 0 303 ), ( 1 2 3 ), ( 0 0 0 ), ( 0 0 0 )
359, 57145850, ( 702 707 709 ), ( 0 0 308 ), ( 1 2 3 ), ( 0 0 0 ), ( 0 0 0 )
360, 86204881, ( 1717 1722 1724 ), ( 0 0 303 ), ( 1 2 3 ), ( 0 0 0 ), ( 0 0 0 )
361, 115928534, ( 1714 ), ( 0 ), ( 1 ), ( 1 ), ( 0 )
362, 57145849, ( 690 701 706 ), ( 0 0 308 ), ( 1 2 3 ), ( 0 0 0 ), ( 0 0 0 )
363, 86204880, ( 1711 1716 1721 ), ( 0 0 303 ), ( 1 2 3 ), ( 0 0 0 ), ( 0 0 0 )
364, 115928533, ( 1708 1720 ), ( 0 0 ), ( 1 1 ), ( 1 1 ), ( 0 0 )
365, 115928532, ( 1705 1713 1719 ), ( 0 0 0 ), ( 1 2 2 ), ( 1 1 1 ), ( 0 0 0 )
366, 57145848, ( 684 689 700 ), ( 0 0 308 ), ( 1 2 3 ), ( 0 0 0 ), ( 0 0 0 )
367, 86204879, ( 1702 1710 1715 ), ( 0 0 303 ), ( 1 2 3 ), ( 0 0 0 ), ( 0 0 0 )
368, 115928531, ( 1699 1707 1718 ), ( 0 0 306 ), ( 1 2 3 ), ( 1 1 1 ), ( 0 0 0 )
369, 115928529, ( 1698 1706 ), ( 0 306 ), ( 2 3 ), ( 1 1 ), ( 0 0 )
370, 115928527, ( 1697 ), ( 306 ), ( 3 ), ( 1 ), ( 0 )
371, 115928530, ( 1696 1704 1712 ), ( 0 0 306 ), ( 1 2 3 ), ( 1 1 1 ), ( 0 0 0 )
372, 115928528, ( 1695 1703 ), ( 0 306 ), ( 2 3 ), ( 1 1 ), ( 0 0 )
373, 115928526, ( 1694 ), ( 306 ), ( 3 ), ( 1 ), ( 0 )
374, 57145847, ( 675 683 688 ), ( 0 0 308 ), ( 1 2 3 ), ( 0 0 0 ), ( 0 0 0 )
375, 86204878, ( 1693 1701 1709 ), ( 0 0 303 ), ( 1 2 3 ), ( 0 0 0 ), ( 0 0 0 )
376, 57145846, ( 666 674 682 ), ( 0 0 308 ), ( 1 2 3 ), ( 0 0 0 ), ( 0 0 0 )
377, 86204877, ( 1690 1692 1700 ), ( 0 0 303 ), ( 1 2 3 ), ( 0 0 0 ), ( 0 0 0 )
378, 115928523, ( 1687 ), ( 0 ), ( 1 ), ( 1 ), ( 0 )
379, 115928522, ( 1686 ), ( 0 ), ( 2 ), ( 1 ), ( 0 )
380, 115928521, ( 1685 ), ( 306 ), ( 3 ), ( 1 ), ( 0 )
381, 57145845, ( 659 665 673 ), ( 0 0 308 ), ( 1 2 3 ), ( 0 0 0 ), ( 0 0 0 )
382, 86204876, ( 1684 1689 1691 ), ( 0 0 303 ), ( 1 2 3 ), ( 0 0 0 ), ( 0 0 0 )
383, 57145844, ( 650 658 664 ), ( 0 0 308 ), ( 1 2 3 ), ( 0 0 0 ), ( 0 0 0 )
384, 86204875, ( 1681 1683 1688 ), ( 0 0 303 ), ( 1 2 3 ), ( 0 0 0 ), ( 0 0 0 )
385, 115928520, ( 1678 ), ( 0 ), ( 1 ), ( 1 ), ( 0 )
386, 115928519, ( 1677 ), ( 0 ), ( 2 ), ( 1 ), ( 0 )
387, 115928518, ( 1676 ), ( 306 ), ( 3 ), ( 1 ), ( 0 )
388, 57145843, ( 644 649 657 ), ( 0 0 308 ), ( 1 2 3 ), ( 0 0 0 ), ( 0 0 0 )
389, 86204874, ( 1675 1680 1682 ), ( 0 0 303 ), ( 1 2 3 ), ( 0 0 0 ), ( 0 0 0 )
390, 57145842, ( 641 643 648 ), ( 0 0 308 ), ( 1 2 3 ), ( 0 0 0 ), ( 0 0 0 )
391, 86204873, ( 1672 1674 1679 ), ( 0 0 303 ), ( 1 2 3 ), ( 0 0 0 ), ( 0 0 0 )
392, 57145841, ( 638 640 642 ), ( 0 0 308 ), ( 1 2 3 ), ( 0 0 0 ), ( 0 0 0 )
393, 86204872, ( 1669 1671 1673 ), ( 0 0 303 ), ( 1 2 3 ), ( 0 0 0 ), ( 0 0 0 )
394, 57145840, ( 632 637 639 ), ( 0 0 308 ), ( 1 2 3 ), ( 0 0 0 ), ( 0 0 0 )
395, 86204871, ( 1666 1668 1670 ), ( 0 0 303 ), ( 1 2 3 ), ( 0 0 0 ), ( 0 0 0 )
396, 57145839, ( 620 631 636 ), ( 0 0 308 ), ( 1 2 3 ), ( 0 0 0 ), ( 0 0 0 )
397, 86204870, ( 1663 1665 1667 ), ( 0 0 303 ), ( 1 2 3 ), ( 0 0 0 ), ( 0 0 0 )
398, 57145838, ( 614 619 630 ), ( 0 0 308 ), ( 1 2 3 ), ( 0 0 0 ), ( 0 0 0 )
399, 86204869, ( 1654 1662 1664 ), ( 0 0 303 ), ( 1 2 3 ), ( 0 0 0 ), ( 0 0 0 )
400, 57145837, ( 602 613 618 ), ( 0 0 308 ), ( 1 2 3 ), ( 0 0 0 ), ( 0 0 0 )
401, 86204868, ( 1653 1661 ), ( 0 303 ), ( 2 3 ), ( 0 0 ), ( 0 0 )
402, 57145836, ( 596 601 612 ), ( 0 0 308 ), ( 1 2 3 ), ( 0 0 0 ), ( 0 0 0 )
403, 86204867, ( 1652 ), ( 303 ), ( 3 ), ( 0 ), ( 0 )
404, 119617575, ( 921 923 925 ), ( 0 0 308 ), ( 1 2 3 ), ( 1 1 1 ), ( 0 0 0 )
405, 95767616, ( 1643 1645 1647 ), ( 0 0 303 ), ( 1 2 3 ), ( 1 1 1 ), ( 0 0 0 )
406, 119617571, ( 909 911 913 ), ( 0 0 308 ), ( 1 2 3 ), ( 1 1 1 ), ( 0 0 0 )
407, 95767612, ( 1631 1633 1635 ), ( 0 0 303 ), ( 1 2 3 ), ( 1 1 1 ), ( 0 0 0 )
408, 119617567, ( 897 899 901 ), ( 0 0 308 ), ( 1 2 3 ), ( 1 1 1 ), ( 0 0 0 )
409, 95767608, ( 1619 1621 1623 ), ( 0 0 303 ), ( 1 2 3 ), ( 1 1 1 ), ( 0 0 0 )
410, 119617566, ( 894 896 898 ), ( 0 0 308 ), ( 1 2 3 ), ( 1 1 1 ), ( 0 0 0 )
411, 95767607, ( 1616 1618 1620 ), ( 0 0 303 ), ( 1 2 3 ), ( 1 1 1 ), ( 0 0 0 )
412, 119617565, ( 891 893 895 ), ( 0 0 308 ), ( 1 2 3 ), ( 1 1 1 ), ( 0 0 0 )
413, 95767606, ( 1613 1615 1617 ), ( 0 0 303 ), ( 1 2 3 ), ( 1 1 1 ), ( 0 0 0 )
414, 119617564, ( 885 890 892 ), ( 0 0 308 ), ( 1 2 3 ), ( 1 1 1 ), ( 0 0 0 )
415, 95767605, ( 1610 1612 1614 ), ( 0 0 303 ), ( 1 2 3 ), ( 1 1 1 ), ( 0 0 0 )
416, 65345090, ( 1574 ), ( 0 ), ( 1 ), ( 1 ), ( 0 )
417, 94874187, ( 62 ), ( 311 ), ( 3 ), ( 1 ), ( 0 )
418, 65345086, ( 1559 ), ( 0 ), ( 1 ), ( 1 ), ( 0 )
419, 65345078, ( 1535 ), ( 0 ), ( 1 ), ( 1 ), ( 0 )
420, 65345073, ( 1522 ), ( 0 ), ( 2 ), ( 1 ), ( 0 )
421, 26212609, ( 349 357 365 ), ( 0 0 311 ), ( 1 2 3 ), ( 1 1 1 ), ( 0 0 0 )
422, 65345066, ( 1499 ), ( 0 ), ( 1 ), ( 1 ), ( 0 )
423, 26212608, ( 343 354 359 ), ( 0 0 311 ), ( 1 2 3 ), ( 1 1 1 ), ( 0 0 0 )
424, 65345065, ( 1498 ), ( 0 ), ( 2 ), ( 1 ), ( 0 )
425, 65345072, ( 1493 1504 1515 1521 ), ( 0 0 306 306 ), ( 1 2 3 3 ), ( 1 1 1 1 ), ( 0 0 0 0 )
426, 26212607, ( 340 348 356 ), ( 0 0 311 ), ( 1 2 3 ), ( 1 1 1 ), ( 0 0 0 )
427, 65345064, ( 1491 1497 ), ( 306 306 ), ( 3 3 ), ( 1 1 ), ( 0 0 )
428, 26212605, ( 331 339 347 ), ( 0 0 311 ), ( 1 2 3 ), ( 1 1 1 ), ( 0 0 0 )
429, 65345062, ( 1487 ), ( 0 ), ( 1 ), ( 1 ), ( 0 )
430, 26212604, ( 325 336 341 ), ( 0 0 311 ), ( 1 2 3 ), ( 1 1 1 ), ( 0 0 0 )
431, 65345061, ( 1486 ), ( 0 ), ( 2 ), ( 1 ), ( 0 )
432, 26212603, ( 322 330 338 ), ( 0 0 311 ), ( 1 2 3 ), ( 1 1 1 ), ( 0 0 0 )
433, 65345060, ( 1485 ), ( 306 ), ( 3 ), ( 1 ), ( 0 )
434, 26212602, ( 319 324 335 ), ( 0 0 311 ), ( 1 2 3 ), ( 1 1 1 ), ( 0 0 0 )
435, 65345059, ( 1472 ), ( 0 ), ( 1 ), ( 1 ), ( 0 )
436, 26212601, ( 313 321 329 ), ( 0 0 311 ), ( 1 2 3 ), ( 1 1 1 ), ( 0 0 0 )
437, 65345058, ( 1469 1478 ), ( 0 0 ), ( 1 1 ), ( 1 1 ), ( 0 0 )
438, 26212600, ( 307 318 323 ), ( 0 0 311 ), ( 1 2 3 ), ( 1 1 1 ), ( 0 0 0 )
439, 65345057, ( 1463 1471 1477 ), ( 0 0 0 ), ( 1 2 2 ), ( 1 1 1 ), ( 0 0 0 )
440, 26212599, ( 304 312 320 ), ( 0 0 311 ), ( 1 2 3 ), ( 1 1 1 ), ( 0 0 0 )
441, 65345056, ( 1460 1468 1476 ), ( 0 0 306 ), ( 1 2 3 ), ( 1 1 1 ), ( 0 0 0 )
442, 26212597, ( 295 303 311 ), ( 0 0 311 ), ( 1 2 3 ), ( 1 1 1 ), ( 0 0 0 )
443, 65345054, ( 1459 1467 ), ( 0 306 ), ( 2 3 ), ( 1 1 ), ( 0 0 )
444, 26212595, ( 286 294 302 ), ( 0 0 311 ), ( 1 2 3 ), ( 1 1 1 ), ( 0 0 0 )
445, 65345052, ( 1458 ), ( 306 ), ( 3 ), ( 1 ), ( 0 )
446, 26212598, ( 301 306 317 ), ( 0 0 311 ), ( 1 2 3 ), ( 1 1 1 ), ( 0 0 0 )
447, 65345055, ( 1457 1462 1470 ), ( 0 0 306 ), ( 1 2 3 ), ( 1 1 1 ), ( 0 0 0 )
448, 26212596, ( 289 300 305 ), ( 0 0 311 ), ( 1 2 3 ), ( 1 1 1 ), ( 0 0 0 )
449, 65345053, ( 1456 1461 ), ( 0 306 ), ( 2 3 ), ( 1 1 ), ( 0 0 )
450, 26212594, ( 283 288 299 ), ( 0 0 311 ), ( 1 2 3 ), ( 1 1 1 ), ( 0 0 0 )
451, 65345051, ( 1455 ), ( 306 ), ( 3 ), ( 1 ), ( 0 )
452, 26212591, ( 276 284 ), ( 0 311 ), ( 2 3 ), ( 1 1 ), ( 0 0 )
453, 65345048, ( 1443 ), ( 0 ), ( 1 ), ( 1 ), ( 0 )
454, 26212590, ( 281 ), ( 311 ), ( 3 ), ( 1 ), ( 0 )
455, 65345047, ( 1440 ), ( 0 ), ( 1 ), ( 1 ), ( 0 )
456, 26212589, ( 275 ), ( 311 ), ( 3 ), ( 1 ), ( 0 )
457, 65345046, ( 1437 1442 ), ( 0 0 ), ( 1 2 ), ( 1 1 ), ( 0 0 )
458, 65345045, ( 1428 1439 ), ( 0 0 ), ( 1 2 ), ( 1 1 ), ( 0 0 )
459, 65345044, ( 1425 1436 1441 ), ( 0 0 306 ), ( 1 2 3 ), ( 1 1 1 ), ( 0 0 0 )
460, 26212586, ( 268 ), ( 0 ), ( 1 ), ( 1 ), ( 0 )
461, 65345043, ( 1419 1427 1438 ), ( 0 0 306 ), ( 1 2 3 ), ( 1 1 1 ), ( 0 0 0 )
462, 26212585, ( 267 ), ( 0 ), ( 2 ), ( 1 ), ( 0 )
463, 65345042, ( 1416 1424 1435 ), ( 0 0 306 ), ( 1 2 3 ), ( 1 1 1 ), ( 0 0 0 )
464, 26212584, ( 266 ), ( 311 ), ( 3 ), ( 1 ), ( 0 )
465, 65345041, ( 1410 1418 1426 ), ( 0 0 306 ), ( 1 2 3 ), ( 1 1 1 ), ( 0 0 0 )
466, 26212583, ( 241 ), ( 0 ), ( 1 ), ( 1 ), ( 0 )
467, 65345040, ( 1407 1415 1423 ), ( 0 0 306 ), ( 1 2 3 ), ( 1 1 1 ), ( 0 0 0 )
468, 26212581, ( 253 262 ), ( 0 0 ), ( 1 1 ), ( 1 1 ), ( 0 0 )
469, 65345038, ( 1406 1414 ), ( 0 306 ), ( 2 3 ), ( 1 1 ), ( 0 0 )
470, 26212579, ( 229 240 252 260 ), ( 0 0 0 311 ), ( 1 2 2 3 ), ( 1 1 1 1 ), ( 0 0 0 0 )
471, 65345036, ( 1405 ), ( 306 ), ( 3 ), ( 1 ), ( 0 )
472, 26212582, ( 259 ), ( 0 ), ( 1 ), ( 1 ), ( 0 )
473, 65345039, ( 1401 1409 1417 ), ( 0 0 306 ), ( 1 2 3 ), ( 1 1 1 ), ( 0 0 0 )
474, 26212580, ( 247 258 261 ), ( 0 0 0 ), ( 1 2 2 ), ( 1 1 1 ), ( 0 0 0 )
475, 65345037, ( 1400 1408 ), ( 0 306 ), ( 2 3 ), ( 1 1 ), ( 0 0 )
476, 26212578, ( 246 257 ), ( 0 311 ), ( 2 3 ), ( 1 1 ), ( 0 0 )
477, 65345035, ( 1399 ), ( 306 ), ( 3 ), ( 1 ), ( 0 )
478, 26212575, ( 217 228 239 ), ( 0 0 311 ), ( 1 2 3 ), ( 1 1 1 ), ( 0 0 0 )
479, 65345032, ( 1395 ), ( 0 ), ( 1 ), ( 1 ), ( 0 )
480, 65345031, ( 1394 ), ( 0 ), ( 2 ), ( 1 ), ( 0 )
481, 26212573, ( 235 ), ( 0 ), ( 1 ), ( 1 ), ( 0 )
482, 65345030, ( 1393 ), ( 306 ), ( 3 ), ( 1 ), ( 0 )
483, 127239746, ( 1365 ), ( 0 ), ( 1 ), ( 1 ), ( 0 )
484, 127239745, ( 1362 1364 ), ( 0 0 ), ( 1 2 ), ( 1 1 ), ( 0 0 )
485, 127239744, ( 1356 1361 1363 ), ( 0 0 303 ), ( 1 2 3 ), ( 1 1 1 ), ( 0 0 0 )
486, 119617583, ( 945 947 949 ), ( 0 0 308 ), ( 1 2 3 ), ( 1 1 1 ), ( 0 0 0 )
487, 95558704, ( 1348 ), ( 306 ), ( 3 ), ( 1 ), ( 0 )
488, 127239743, ( 1347 1355 1360 ), ( 0 0 303 ), ( 1 2 3 ), ( 0 0 0 ), ( 0 0 0 )
489, 119617582, ( 942 944 946 ), ( 0 0 308 ), ( 1 2 3 ), ( 1 1 1 ), ( 0 0 0 )
490, 95558703, ( 1342 ), ( 306 ), ( 3 ), ( 1 ), ( 0 )
491, 127239742, ( 1341 1346 1354 ), ( 0 0 303 ), ( 1 2 3 ), ( 0 0 0 ), ( 0 0 0 )
492, 119617579, ( 933 935 937 ), ( 0 0 308 ), ( 1 2 3 ), ( 1 1 1 ), ( 0 0 0 )
493, 95558700, ( 1338 ), ( 0 ), ( 1 ), ( 1 ), ( 0 )
494, 119617578, ( 930 932 934 ), ( 0 0 308 ), ( 1 2 3 ), ( 1 1 1 ), ( 0 0 0 )
495, 95558699, ( 1337 ), ( 0 ), ( 2 ), ( 1 ), ( 0 )
496, 119617577, ( 927 929 931 ), ( 0 0 308 ), ( 1 2 3 ), ( 1 1 1 ), ( 0 0 0 )
497, 95767618, ( 1649 ), ( 0 ), ( 1 ), ( 1 ), ( 0 )
498, 95558698, ( 1336 ), ( 306 ), ( 3 ), ( 1 ), ( 0 )
499, 127239741, ( 1335 1340 1345 ), ( 0 0 303 ), ( 1 2 3 ), ( 0 0 0 ), ( 0 0 0 )
500, 127239740, ( 1332 1334 1339 ), ( 0 0 303 ), ( 1 2 3 ), ( 0 0 0 ), ( 0 0 0 )
501, 127239739, ( 1329 1331 1333 ), ( 0 0 303 ), ( 1 2 3 ), ( 0 0 0 ), ( 0 0 0 )
502, 119617584, ( 948 950 952 ), ( 0 0 308 ), ( 1 2 3 ), ( 1 1 1 ), ( 0 0 0 )
503, 99307078, ( 1578 ), ( 306 ), ( 3 ), ( 1 ), ( 0 )
504, 95558705, ( 1326 1343 1351 ), ( 0 0 306 ), ( 1 2 3 ), ( 1 1 1 ), ( 0 0 0 )
505, 119617580, ( 936 938 940 ), ( 0 0 308 ), ( 1 2 3 ), ( 1 1 1 ), ( 0 0 0 )
506, 95558701, ( 1325 ), ( 0 ), ( 2 ), ( 1 ), ( 0 )
507, 119617576, ( 924 926 928 ), ( 0 0 308 ), ( 1 2 3 ), ( 1 1 1 ), ( 0 0 0 )
508, 95767617, ( 1646 1648 ), ( 0 0 ), ( 1 2 ), ( 1 1 ), ( 0 0 )
509, 95558697, ( 1324 ), ( 306 ), ( 3 ), ( 1 ), ( 0 )
510, 119617574, ( 918 920 922 ), ( 0 0 308 ), ( 1 2 3 ), ( 1 1 1 ), ( 0 0 0 )
511, 95767615, ( 1640 1642 1644 ), ( 0 0 303 ), ( 1 2 3 ), ( 1 1 1 ), ( 0 0 0 )
512, 95558695, ( 1323 ), ( 0 ), ( 1 ), ( 1 ), ( 0 )
513, 119617573, ( 915 917 919 ), ( 0 0 308 ), ( 1 2 3 ), ( 1 1 1 ), ( 0 0 0 )
514, 95767614, ( 1637 1639 1641 ), ( 0 0 303 ), ( 1 2 3 ), ( 1 1 1 ), ( 0 0 0 )
515, 95558694, ( 1322 ), ( 0 ), ( 2 ), ( 1 ), ( 0 )
516, 119617572, ( 912 914 916 ), ( 0 0 308 ), ( 1 2 3 ), ( 1 1 1 ), ( 0 0 0 )
517, 95767613, ( 1634 1636 1638 ), ( 0 0 303 ), ( 1 2 3 ), ( 1 1 1 ), ( 0 0 0 )
518, 95558693, ( 1321 ), ( 306 ), ( 3 ), ( 1 ), ( 0 )
519, 119617570, ( 906 908 910 ), ( 0 0 308 ), ( 1 2 3 ), ( 1 1 1 ), ( 0 0 0 )
520, 95767611, ( 1628 1630 1632 ), ( 0 0 303 ), ( 1 2 3 ), ( 1 1 1 ), ( 0 0 0 )
521, 95558691, ( 1314 ), ( 0 ), ( 1 ), ( 1 ), ( 0 )
522, 119617569, ( 903 905 907 ), ( 0 0 308 ), ( 1 2 3 ), ( 1 1 1 ), ( 0 0 0 )
523, 95767610, ( 1625 1627 1629 ), ( 0 0 303 ), ( 1 2 3 ), ( 1 1 1 ), ( 0 0 0 )
524, 95558690, ( 1313 ), ( 0 ), ( 2 ), ( 1 ), ( 0 )
525, 119617568, ( 900 902 904 ), ( 0 0 308 ), ( 1 2 3 ), ( 1 1 1 ), ( 0 0 0 )
526, 95767609, ( 1622 1624 1626 ), ( 0 0 303 ), ( 1 2 3 ), ( 1 1 1 ), ( 0 0 0 )
527, 95558689, ( 1312 ), ( 306 ), ( 3 ), ( 1 ), ( 0 )
528, 119617563, ( 882 884 889 ), ( 0 0 308 ), ( 1 2 3 ), ( 1 1 1 ), ( 0 0 0 )
529, 95767604, ( 1607 1609 1611 ), ( 0 0 303 ), ( 1 2 3 ), ( 1 1 1 ), ( 0 0 0 )
530, 95558684, ( 1293 ), ( 0 ), ( 1 ), ( 1 ), ( 0 )
531, 119617561, ( 864 872 880 ), ( 0 0 308 ), ( 1 2 3 ), ( 1 1 1 ), ( 0 0 0 )
532, 95767602, ( 1601 1603 1605 ), ( 0 0 303 ), ( 1 2 3 ), ( 1 1 1 ), ( 0 0 0 )
533, 95558682, ( 1292 1298 ), ( 0 0 ), ( 2 2 ), ( 1 1 ), ( 0 0 )
534, 119617562, ( 873 881 883 ), ( 0 0 308 ), ( 1 2 3 ), ( 1 1 1 ), ( 0 0 0 )
535, 95767603, ( 1604 1606 1608 ), ( 0 0 303 ), ( 1 2 3 ), ( 1 1 1 ), ( 0 0 0 )
536, 95558683, ( 1287 1299 ), ( 0 0 ), ( 1 1 ), ( 1 1 ), ( 0 0 )
537, 127239730, ( 1284 1289 1294 ), ( 0 0 303 ), ( 1 2 3 ), ( 0 0 0 ), ( 0 0 0 )
538, 127239729, ( 1278 1283 1288 ), ( 0 0 303 ), ( 1 2 3 ), ( 0 0 0 ), ( 0 0 0 )
539, 127239727, ( 1272 1274 1276 ), ( 0 0 303 ), ( 1 2 3 ), ( 0 0 0 ), ( 0 0 0 )
540, 127239726, ( 1269 1271 1273 ), ( 0 0 303 ), ( 1 2 3 ), ( 0 0 0 ), ( 0 0 0 )
541, 127239725, ( 1263 1268 1270 ), ( 0 0 303 ), ( 1 2 3 ), ( 1 1 1 ), ( 0 0 0 )
542, 127239723, ( 1257 1259 1261 ), ( 0 0 303 ), ( 1 2 3 ), ( 0 0 0 ), ( 0 0 0 )
543, 127239722, ( 1251 1256 1258 ), ( 0 0 303 ), ( 1 2 3 ), ( 0 0 0 ), ( 0 0 0 )
544, 127239721, ( 1248 1250 1255 ), ( 0 0 303 ), ( 1 2 3 ), ( 0 0 0 ), ( 0 0 0 )
545, 127239719, ( 1239 1244 1246 ), ( 0 0 303 ), ( 1 2 3 ), ( 0 0 0 ), ( 0 0 0 )
546, 81110657, ( 1233 ), ( 0 ), ( 1 ), ( 1 ), ( 0 )
547, 81110656, ( 1230 1242 ), ( 0 0 ), ( 1 1 ), ( 1 1 ), ( 0 0 )
548, 81110654, ( 1229 1240 ), ( 0 306 ), ( 2 3 ), ( 1 1 ), ( 0 0 )
549, 81110652, ( 1228 ), ( 306 ), ( 3 ), ( 1 ), ( 0 )
550, 81110655, ( 1224 1232 1241 ), ( 0 0 0 ), ( 1 2 2 ), ( 1 1 1 ), ( 0 0 0 )
551, 81110651, ( 1222 ), ( 306 ), ( 3 ), ( 1 ), ( 0 )
552, 81110648, ( 1218 ), ( 0 ), ( 1 ), ( 1 ), ( 0 )
553, 81110647, ( 1217 ), ( 0 ), ( 2 ), ( 1 ), ( 0 )
554, 81110646, ( 1216 ), ( 306 ), ( 3 ), ( 1 ), ( 0 )
555, 127239715, ( 1215 1220 1225 ), ( 0 0 303 ), ( 1 2 3 ), ( 1 1 1 ), ( 0 0 0 )
556, 81110653, ( 1206 1223 1231 ), ( 0 0 306 ), ( 1 2 3 ), ( 1 1 1 ), ( 0 0 0 )
557, 81110649, ( 1205 ), ( 0 ), ( 2 ), ( 1 ), ( 0 )
558, 81110645, ( 1204 ), ( 306 ), ( 3 ), ( 1 ), ( 0 )
559, 81110643, ( 1203 ), ( 0 ), ( 1 ), ( 1 ), ( 0 )
560, 81110642, ( 1202 ), ( 0 ), ( 2 ), ( 1 ), ( 0 )
561, 127239711, ( 1197 1199 1207 ), ( 0 0 303 ), ( 1 2 3 ), ( 1 1 1 ), ( 0 0 0 )
562, 127239710, ( 1191 1196 1198 ), ( 0 0 303 ), ( 1 2 3 ), ( 1 1 1 ), ( 0 0 0 )
563, 81110640, ( 1188 ), ( 0 ), ( 1 ), ( 1 ), ( 0 )
564, 127239709, ( 1185 1190 1195 ), ( 0 0 303 ), ( 1 2 3 ), ( 0 0 0 ), ( 0 0 0 )
565, 81110639, ( 1182 1194 ), ( 0 0 ), ( 1 1 ), ( 1 1 ), ( 0 0 )
566, 81110635, ( 1180 ), ( 306 ), ( 3 ), ( 1 ), ( 0 )
567, 81110638, ( 1179 1187 1193 ), ( 0 0 0 ), ( 1 2 2 ), ( 1 1 1 ), ( 0 0 0 )
568, 81110636, ( 1178 1186 ), ( 0 306 ), ( 2 3 ), ( 1 1 ), ( 0 0 )
569, 81110634, ( 1177 ), ( 306 ), ( 3 ), ( 1 ), ( 0 )
570, 127239708, ( 1176 1184 1189 ), ( 0 0 303 ), ( 1 2 3 ), ( 0 0 0 ), ( 0 0 0 )
571, 127239707, ( 1173 1175 1183 ), ( 0 0 303 ), ( 1 2 3 ), ( 0 0 0 ), ( 0 0 0 )
572, 81110641, ( 1170 1201 ), ( 0 306 ), ( 1 3 ), ( 1 1 ), ( 0 0 )
573, 81110631, ( 1167 ), ( 0 ), ( 1 ), ( 1 ), ( 0 )
574, 81110630, ( 1166 ), ( 0 ), ( 2 ), ( 1 ), ( 0 )
575, 127239706, ( 1164 1172 1174 ), ( 0 0 303 ), ( 1 2 3 ), ( 0 0 0 ), ( 0 0 0 )
576, 127239705, ( 1161 1163 1171 ), ( 0 0 303 ), ( 1 2 3 ), ( 0 0 0 ), ( 0 0 0 )
577, 81110637, ( 1158 1169 1181 1192 ), ( 0 0 0 306 ), ( 1 2 2 3 ), ( 1 1 1 1 ), ( 0 0 0 0 )
578, 81110627, ( 1155 ), ( 0 ), ( 1 ), ( 1 ), ( 0 )
579, 81110626, ( 1154 ), ( 0 ), ( 2 ), ( 1 ), ( 0 )
580, 127239704, ( 1152 1160 1162 ), ( 0 0 303 ), ( 1 2 3 ), ( 1 1 1 ), ( 0 0 0 )
581, 127239703, ( 1149 1151 1159 ), ( 0 0 303 ), ( 1 2 3 ), ( 0 0 0 ), ( 0 0 0 )
582, 81110633, ( 1146 1157 1168 ), ( 0 0 306 ), ( 1 2 3 ), ( 1 1 1 ), ( 0 0 0 )
583, 81110623, ( 1143 ), ( 0 ), ( 1 ), ( 1 ), ( 0 )
584, 127239702, ( 1140 1148 1150 ), ( 0 0 303 ), ( 1 2 3 ), ( 0 0 0 ), ( 0 0 0 )
585, 127239701, ( 1137 1139 1147 ), ( 0 0 303 ), ( 1 2 3 ), ( 0 0 0 ), ( 0 0 0 )
586, 81110629, ( 1134 1145 1156 1165 ), ( 0 0 306 306 ), ( 1 2 3 3 ), ( 1 1 1 1 ), ( 0 0 0 0 )
587, 81110625, ( 1133 1144 1153 ), ( 0 306 306 ), ( 2 3 3 ), ( 1 1 1 ), ( 0 0 0 )
588, 127239700, ( 1128 1136 1138 ), ( 0 0 303 ), ( 1 2 3 ), ( 0 0 0 ), ( 0 0 0 )
589, 127239699, ( 1125 1127 1135 ), ( 0 0 303 ), ( 1 2 3 ), ( 0 0 0 ), ( 0 0 0 )
590, 127239698, ( 1119 1124 1126 ), ( 0 0 303 ), ( 1 2 3 ), ( 0 0 0 ), ( 0 0 0 )
591, 127239697, ( 1113 1118 1123 ), ( 0 0 303 ), ( 1 2 3 ), ( 0 0 0 ), ( 0 0 0 )
592, 81110613, ( 1109 1120 ), ( 0 306 ), ( 2 3 ), ( 1 1 ), ( 0 0 )
593, 127239696, ( 1107 1112 1117 ), ( 0 0 303 ), ( 1 2 3 ), ( 0 0 0 ), ( 0 0 0 )
594, 127239695, ( 1098 1106 1111 ), ( 0 0 303 ), ( 1 2 3 ), ( 0 0 0 ), ( 0 0 0 )
595, 127239694, ( 1095 1097 1105 ), ( 0 0 303 ), ( 1 2 3 ), ( 0 0 0 ), ( 0 0 0 )
596, 81110605, ( 1089 1091 1099 ), ( 0 0 306 ), ( 1 2 3 ), ( 1 1 1 ), ( 0 0 0 )
597, 95558716, ( 1374 ), ( 0 ), ( 1 ), ( 1 ), ( 0 )
598, 127239693, ( 1086 1094 1096 ), ( 0 0 303 ), ( 1 2 3 ), ( 0 0 0 ), ( 0 0 0 )
599, 95558715, ( 1373 ), ( 0 ), ( 2 ), ( 1 ), ( 0 )
600, 127239692, ( 1083 1085 1093 ), ( 0 0 303 ), ( 1 2 3 ), ( 0 0 0 ), ( 0 0 0 )
601, 95558714, ( 1372 ), ( 306 ), ( 3 ), ( 1 ), ( 0 )
602, 127239691, ( 1080 1082 1084 ), ( 0 0 303 ), ( 1 2 3 ), ( 1 1 1 ), ( 0 0 1 )
603, 127239690, ( 1074 1079 1081 ), ( 0 0 303 ), ( 1 2 3 ), ( 0 0 0 ), ( 0 0 0 )
604, 127239689, ( 1071 1073 1078 ), ( 0 0 303 ), ( 1 2 3 ), ( 0 0 0 ), ( 0 0 0 )
605, 119617590, ( 969 ), ( 0 ), ( 1 ), ( 1 ), ( 0 )
606, 95558711, ( 1368 ), ( 0 ), ( 1 ), ( 1 ), ( 0 )
607, 127239688, ( 1068 1070 1072 ), ( 0 0 303 ), ( 1 2 3 ), ( 0 0 0 ), ( 0 0 0 )
608, 119617589, ( 966 968 ), ( 0 0 ), ( 1 2 ), ( 1 1 ), ( 0 0 )
609, 95558710, ( 1367 ), ( 0 ), ( 2 ), ( 1 ), ( 0 )
610, 127239687, ( 1065 1067 1069 ), ( 0 0 303 ), ( 1 2 3 ), ( 0 0 0 ), ( 0 0 0 )
611, 119617588, ( 963 965 967 ), ( 0 0 308 ), ( 1 2 3 ), ( 1 1 1 ), ( 0 0 0 )
612, 95558709, ( 1353 1366 ), ( 0 306 ), ( 1 3 ), ( 1 1 ), ( 0 0 )
613, 127239686, ( 1059 1064 1066 ), ( 0 0 303 ), ( 1 2 3 ), ( 0 0 0 ), ( 0 0 0 )
614, 122657664, ( 1056 ), ( 0 ), ( 1 ), ( 1 ), ( 0 )
615, 119617587, ( 957 962 964 ), ( 0 0 308 ), ( 1 2 3 ), ( 1 1 1 ), ( 0 0 0 )
616, 95558708, ( 1350 1359 ), ( 0 0 ), ( 1 1 ), ( 1 1 ), ( 0 0 )
617, 127239685, ( 1053 1058 1063 ), ( 0 0 303 ), ( 1 2 3 ), ( 0 0 0 ), ( 0 0 0 )
618, 119617586, ( 954 956 961 ), ( 0 0 308 ), ( 1 2 3 ), ( 1 1 1 ), ( 0 0 0 )
619, 99307080, ( 1580 ), ( 0 ), ( 1 ), ( 1 ), ( 0 )
620, 95558707, ( 1344 1352 1358 ), ( 0 0 0 ), ( 1 2 2 ), ( 1 1 1 ), ( 0 0 0 )
621, 127239684, ( 1052 1057 ), ( 0 303 ), ( 2 3 ), ( 0 0 ), ( 0 0 )
622, 119617585, ( 951 953 955 ), ( 0 0 308 ), ( 1 2 3 ), ( 1 1 1 ), ( 0 0 0 )
623, 99307079, ( 1579 ), ( 0 ), ( 2 ), ( 1 ), ( 0 )
624, 95558706, ( 1349 1357 ), ( 0 306 ), ( 2 3 ), ( 1 1 ), ( 0 0 )
625, 127239683, ( 1051 ), ( 303 ), ( 3 ), ( 0 ), ( 0 )
626, 122657663, ( 1050 1062 ), ( 0 0 ), ( 1 1 ), ( 1 1 ), ( 0 0 )
627, 122657661, ( 1049 1060 ), ( 0 306 ), ( 2 3 ), ( 1 1 ), ( 0 0 )
628, 122657659, ( 1048 ), ( 306 ), ( 3 ), ( 1 ), ( 0 )
629, 122657662, ( 1047 1055 1061 ), ( 0 0 0 ), ( 1 2 2 ), ( 1 1 1 ), ( 0 0 0 )
630, 122657660, ( 1046 1054 ), ( 0 306 ), ( 2 3 ), ( 1 1 ), ( 0 0 )
631, 122657658, ( 1045 ), ( 306 ), ( 3 ), ( 1 ), ( 0 )
632, 104823872, ( 818 ), ( 0 ), ( 2 ), ( 1 ), ( 0 )
633, 122446274, ( 1044 ), ( 0 ), ( 1 ), ( 1 ), ( 0 )
634, 122657657, ( 1041 ), ( 0 ), ( 1 ), ( 1 ), ( 0 )
635, 122657655, ( 1040 ), ( 0 ), ( 2 ), ( 1 ), ( 0 )
636, 122657656, ( 1038 ), ( 0 ), ( 1 ), ( 1 ), ( 0 )
637, 122657654, ( 1037 ), ( 0 ), ( 2 ), ( 1 ), ( 0 )
638, 122657652, ( 1036 ), ( 306 ), ( 3 ), ( 1 ), ( 0 )
639, 104823871, ( 789 800 811 817 ), ( 0 0 311 311 ), ( 1 2 3 3 ), ( 1 1 1 1 ), ( 0 0 0 0 )
640, 122446273, ( 1035 1043 ), ( 0 0 ), ( 1 2 ), ( 1 1 ), ( 0 0 )
641, 122446272, ( 1032 1034 1042 ), ( 0 0 303 ), ( 1 2 3 ), ( 1 1 1 ), ( 0 0 0 )
642, 122657648, ( 1028 ), ( 0 ), ( 2 ), ( 1 ), ( 0 )
643, 122657647, ( 1027 ), ( 306 ), ( 3 ), ( 1 ), ( 0 )
644, 104823869, ( 807 ), ( 0 ), ( 1 ), ( 1 ), ( 0 )
645, 122446271, ( 1026 1031 1033 ), ( 0 0 303 ), ( 1 2 3 ), ( 0 0 0 ), ( 0 0 0 )
646, 104823868, ( 806 ), ( 0 ), ( 2 ), ( 1 ), ( 0 )
647, 122446270, ( 1023 1025 1030 ), ( 0 0 303 ), ( 1 2 3 ), ( 0 0 0 ), ( 0 0 0 )
648, 104823867, ( 777 788 799 805 ), ( 0 0 311 311 ), ( 1 2 3 3 ), ( 1 1 1 1 ), ( 0 0 0 0 )
649, 122446269, ( 1020 1022 1024 ), ( 0 0 303 ), ( 1 2 3 ), ( 0 0 0 ), ( 0 0 0 )
650, 122657653, ( 1017 1039 ), ( 0 306 ), ( 1 3 ), ( 1 1 ), ( 0 0 )
651, 122657643, ( 1014 ), ( 0 ), ( 1 ), ( 1 ), ( 0 )
652, 122657642, ( 1013 ), ( 0 ), ( 2 ), ( 1 ), ( 0 )
653, 122446268, ( 1011 1019 1021 ), ( 0 0 303 ), ( 1 2 3 ), ( 0 0 0 ), ( 0 0 0 )
654, 104823865, ( 795 ), ( 0 ), ( 1 ), ( 1 ), ( 0 )
655, 122446267, ( 1008 1010 1018 ), ( 0 0 303 ), ( 1 2 3 ), ( 0 0 0 ), ( 0 0 0 )
656, 122657649, ( 1005 1016 1029 ), ( 0 0 0 ), ( 1 2 1 ), ( 1 1 1 ), ( 0 0 0 )
657, 122657639, ( 1002 ), ( 0 ), ( 1 ), ( 1 ), ( 0 )
658, 122657638, ( 1001 ), ( 0 ), ( 2 ), ( 1 ), ( 0 )
659, 104823864, ( 794 ), ( 0 ), ( 2 ), ( 1 ), ( 0 )
660, 122446266, ( 999 1007 1009 ), ( 0 0 303 ), ( 1 2 3 ), ( 0 0 0 ), ( 0 0 0 )
661, 104823863, ( 776 787 793 ), ( 0 311 311 ), ( 2 3 3 ), ( 1 1 1 ), ( 0 0 0 )
662, 122446265, ( 996 998 1006 ), ( 0 0 303 ), ( 1 2 3 ), ( 0 0 0 ), ( 0 0 0 )
663, 122657645, ( 993 1004 1015 ), ( 0 0 306 ), ( 1 2 3 ), ( 1 1 1 ), ( 0 0 0 )
664, 122657635, ( 990 ), ( 0 ), ( 1 ), ( 1 ), ( 0 )
665, 122657634, ( 989 ), ( 0 ), ( 2 ), ( 1 ), ( 0 )
666, 122446264, ( 987 995 997 ), ( 0 0 303 ), ( 1 2 3 ), ( 0 0 0 ), ( 0 0 0 )
667, 104823861, ( 783 ), ( 0 ), ( 1 ), ( 1 ), ( 0 )
668, 122446263, ( 984 986 994 ), ( 0 0 303 ), ( 1 2 3 ), ( 0 0 0 ), ( 0 0 0 )
669, 122657641, ( 981 992 1003 1012 ), ( 0 0 306 306 ), ( 1 2 3 3 ), ( 1 1 1 1 ), ( 0 0 0 0 )
670, 122657631, ( 978 ), ( 0 ), ( 1 ), ( 1 ), ( 0 )
671, 122657630, ( 977 ), ( 0 ), ( 2 ), ( 1 ), ( 0 )
672, 104823860, ( 782 ), ( 0 ), ( 2 ), ( 1 ), ( 0 )
673, 122446262, ( 975 983 985 ), ( 0 0 303 ), ( 1 2 3 ), ( 0 0 0 ), ( 0 0 0 )
674, 104823859, ( 775 781 ), ( 311 311 ), ( 3 3 ), ( 1 1 ), ( 0 0 )
675, 122446261, ( 972 974 982 ), ( 0 0 303 ), ( 1 2 3 ), ( 0 0 0 ), ( 0 0 0 )
676, 122657637, ( 980 991 1000 ), ( 0 306 306 ), ( 2 3 3 ), ( 1 1 1 ), ( 0 0 0 )
677, 122446260, ( 971 973 ), ( 0 303 ), ( 2 3 ), ( 0 0 ), ( 0 0 )
678, 104823857, ( 771 ), ( 0 ), ( 1 ), ( 1 ), ( 0 )
679, 122446259, ( 970 ), ( 303 ), ( 3 ), ( 0 ), ( 0 )
680, 122657633, ( 979 988 ), ( 306 306 ), ( 3 3 ), ( 1 1 ), ( 0 0 )
681, 104823856, ( 770 ), ( 0 ), ( 2 ), ( 1 ), ( 0 )
682, 104823855, ( 769 ), ( 311 ), ( 3 ), ( 1 ), ( 0 )
683, 122657629, ( 976 ), ( 306 ), ( 3 ), ( 1 ), ( 0 )
684, 104823854, ( 759 ), ( 0 ), ( 1 ), ( 1 ), ( 0 )
685, 104823853, ( 753 762 ), ( 0 0 ), ( 1 1 ), ( 1 1 ), ( 0 0 )
686, 104823852, ( 750 758 761 ), ( 0 0 0 ), ( 1 2 2 ), ( 1 1 1 ), ( 0 0 0 )
687, 104823851, ( 747 752 760 ), ( 0 0 311 ), ( 1 2 3 ), ( 1 1 1 ), ( 0 0 0 )
688, 104823850, ( 744 749 757 ), ( 0 0 311 ), ( 1 2 3 ), ( 1 1 1 ), ( 0 0 0 )
689, 104823849, ( 735 741 746 751 ), ( 0 0 0 311 ), ( 1 1 2 3 ), ( 1 1 1 1 ), ( 0 0 0 0 )
690, 104823848, ( 743 748 ), ( 0 311 ), ( 2 3 ), ( 1 1 ), ( 0 0 )
691, 104823847, ( 740 745 ), ( 0 311 ), ( 2 3 ), ( 1 1 ), ( 0 0 )
692, 104823846, ( 734 742 ), ( 0 311 ), ( 2 3 ), ( 1 1 ), ( 0 0 )
693, 119617560, ( 861 863 871 ), ( 0 0 308 ), ( 1 2 3 ), ( 1 1 1 ), ( 0 0 0 )
694, 95767601, ( 1598 1600 1602 ), ( 0 0 303 ), ( 1 2 3 ), ( 1 1 1 ), ( 0 0 0 )
695, 95558681, ( 1286 1297 ), ( 0 306 ), ( 2 3 ), ( 1 1 ), ( 0 0 )
696, 119617559, ( 855 860 862 ), ( 0 0 308 ), ( 1 2 3 ), ( 1 1 1 ), ( 0 0 0 )
697, 95767600, ( 1595 1597 1599 ), ( 0 0 303 ), ( 1 2 3 ), ( 1 1 1 ), ( 0 0 0 )
698, 95558680, ( 1291 ), ( 306 ), ( 3 ), ( 1 ), ( 0 )
699, 119617558, ( 849 854 859 ), ( 0 0 308 ), ( 1 2 3 ), ( 1 1 1 ), ( 0 0 0 )
700, 95767599, ( 1592 1594 1596 ), ( 0 0 303 ), ( 1 2 3 ), ( 1 1 1 ), ( 0 0 0 )
701, 95558679, ( 1285 ), ( 306 ), ( 3 ), ( 1 ), ( 0 )
702, 104823845, ( 739 ), ( 311 ), ( 3 ), ( 1 ), ( 0 )
703, 119617557, ( 843 848 853 ), ( 0 0 308 ), ( 1 2 3 ), ( 1 1 1 ), ( 0 0 0 )
704, 95767598, ( 1589 1591 1593 ), ( 0 0 303 ), ( 1 2 3 ), ( 1 1 1 ), ( 0 0 0 )
705, 23697161, ( 960 ), ( 0 ), ( 1 ), ( 1 ), ( 0 )
706, 119617556, ( 840 842 847 ), ( 0 0 308 ), ( 1 2 3 ), ( 1 1 1 ), ( 0 0 0 )
707, 95767597, ( 1586 1588 1590 ), ( 0 0 303 ), ( 1 2 3 ), ( 1 1 1 ), ( 0 0 0 )
708, 23697160, ( 959 ), ( 0 ), ( 2 ), ( 1 ), ( 0 )
709, 119617555, ( 834 839 841 ), ( 0 0 308 ), ( 1 2 3 ), ( 1 1 1 ), ( 0 0 0 )
710, 95767596, ( 1583 1585 1587 ), ( 0 0 303 ), ( 1 2 3 ), ( 1 1 1 ), ( 0 0 0 )
711, 95558676, ( 1281 ), ( 0 ), ( 1 ), ( 1 ), ( 0 )
712, 23697159, ( 958 ), ( 311 ), ( 3 ), ( 1 ), ( 0 )
713, 119617554, ( 831 833 838 ), ( 0 0 308 ), ( 1 2 3 ), ( 1 1 1 ), ( 0 0 0 )
714, 95767595, ( 1582 1584 ), ( 0 303 ), ( 2 3 ), ( 1 1 ), ( 0 0 )
715, 95558675, ( 1280 ), ( 0 ), ( 2 ), ( 1 ), ( 0 )
716, 104823843, ( 733 ), ( 311 ), ( 3 ), ( 1 ), ( 0 )
717, 119617553, ( 828 830 832 ), ( 0 0 308 ), ( 1 2 3 ), ( 1 1 1 ), ( 0 0 0 )
718, 95767594, ( 1581 ), ( 303 ), ( 3 ), ( 1 ), ( 0 )
719, 95558674, ( 1279 ), ( 306 ), ( 3 ), ( 1 ), ( 0 )
720, 119617552, ( 822 827 829 ), ( 0 0 308 ), ( 1 2 3 ), ( 1 1 1 ), ( 0 0 0 )
721, 119617551, ( 816 821 826 ), ( 0 0 308 ), ( 1 2 3 ), ( 1 1 1 ), ( 0 0 0 )
722, 95767592, ( 1577 ), ( 0 ), ( 1 ), ( 1 ), ( 0 )
723, 119617550, ( 810 815 820 ), ( 0 0 308 ), ( 1 2 3 ), ( 1 1 1 ), ( 0 0 0 )
724, 95767591, ( 1568 1576 ), ( 0 0 ), ( 1 2 ), ( 1 1 ), ( 0 0 )
725, 104823841, ( 717 723 ), ( 0 0 ), ( 1 1 ), ( 1 1 ), ( 0 0 )
726, 119617549, ( 804 809 814 ), ( 0 0 308 ), ( 1 2 3 ), ( 1 1 1 ), ( 0 0 0 )
727, 95767590, ( 1562 1567 1575 ), ( 0 0 303 ), ( 1 2 3 ), ( 1 1 1 ), ( 0 0 0 )
728, 95558670, ( 1266 ), ( 0 ), ( 1 ), ( 1 ), ( 0 )
729, 119617548, ( 798 803 808 ), ( 0 0 308 ), ( 1 2 3 ), ( 1 1 1 ), ( 0 0 0 )
730, 95767589, ( 1556 1561 1566 ), ( 0 0 303 ), ( 1 2 3 ), ( 1 1 1 ), ( 0 0 0 )
731, 95558669, ( 1265 ), ( 0 ), ( 2 ), ( 1 ), ( 0 )
732, 119617547, ( 792 797 802 ), ( 0 0 308 ), ( 1 2 3 ), ( 1 1 1 ), ( 0 0 0 )
733, 95767588, ( 1550 1555 1560 ), ( 0 0 303 ), ( 1 2 3 ), ( 1 1 1 ), ( 0 0 0 )
734, 95558668, ( 1264 ), ( 306 ), ( 3 ), ( 1 ), ( 0 )
735, 119617546, ( 786 791 796 ), ( 0 0 308 ), ( 1 2 3 ), ( 1 1 1 ), ( 0 0 0 )
736, 95767587, ( 1544 1549 1554 ), ( 0 0 303 ), ( 1 2 3 ), ( 1 1 1 ), ( 0 0 0 )
737, 119617545, ( 780 785 790 ), ( 0 0 308 ), ( 1 2 3 ), ( 1 1 1 ), ( 0 0 0 )
738, 95767586, ( 1538 1543 1548 ), ( 0 0 303 ), ( 1 2 3 ), ( 1 1 1 ), ( 0 0 0 )
739, 119617544, ( 774 779 784 ), ( 0 0 308 ), ( 1 2 3 ), ( 1 1 1 ), ( 0 0 0 )
740, 95767585, ( 1532 1537 1542 ), ( 0 0 303 ), ( 1 2 3 ), ( 1 1 1 ), ( 0 0 0 )
741, 119617543, ( 768 773 778 ), ( 0 0 308 ), ( 1 2 3 ), ( 1 1 1 ), ( 0 0 0 )
742, 95767584, ( 1526 1531 1536 ), ( 0 0 303 ), ( 1 2 3 ), ( 1 1 1 ), ( 0 0 0 )
743, 95558664, ( 1254 ), ( 0 ), ( 1 ), ( 1 ), ( 0 )
744, 119617542, ( 765 767 772 ), ( 0 0 308 ), ( 1 2 3 ), ( 1 1 1 ), ( 0 0 0 )
745, 95767583, ( 1520 1525 1530 ), ( 0 0 303 ), ( 1 2 3 ), ( 1 1 1 ), ( 0 0 0 )
746, 95558663, ( 1253 ), ( 0 ), ( 2 ), ( 1 ), ( 0 )
747, 119617541, ( 756 764 766 ), ( 0 0 308 ), ( 1 2 3 ), ( 1 1 1 ), ( 0 0 0 )
748, 95767582, ( 1514 1519 1524 ), ( 0 0 303 ), ( 1 2 3 ), ( 1 1 1 ), ( 0 0 0 )
749, 95558662, ( 1252 ), ( 306 ), ( 3 ), ( 1 ), ( 0 )
750, 119617540, ( 755 763 ), ( 0 308 ), ( 2 3 ), ( 1 1 ), ( 0 0 )
751, 95767581, ( 1508 1513 1518 ), ( 0 0 303 ), ( 1 2 3 ), ( 1 1 1 ), ( 0 0 0 )
752, 119617539, ( 754 ), ( 308 ), ( 3 ), ( 1 ), ( 0 )
753, 95767580, ( 1502 1507 1512 ), ( 0 0 303 ), ( 1 2 3 ), ( 1 1 1 ), ( 0 0 0 )
754, 95767579, ( 1496 1501 1506 ), ( 0 0 303 ), ( 1 2 3 ), ( 1 1 1 ), ( 0 0 0 )
755, 95767578, ( 1490 1495 1500 ), ( 0 0 303 ), ( 1 2 3 ), ( 1 1 1 ), ( 0 0 0 )
756, 95767577, ( 1484 1489 1494 ), ( 0 0 303 ), ( 1 2 3 ), ( 1 1 1 ), ( 0 0 0 )
757, 95767576, ( 1481 1483 1488 ), ( 0 0 303 ), ( 1 2 3 ), ( 1 1 1 ), ( 0 0 0 )
758, 95767575, ( 1475 1480 1482 ), ( 0 0 303 ), ( 1 2 3 ), ( 1 1 1 ), ( 0 0 0 )
759, 95767574, ( 1466 1474 1479 ), ( 0 0 303 ), ( 1 2 3 ), ( 1 1 1 ), ( 0 0 0 )
760, 95767573, ( 1465 1473 ), ( 0 303 ), ( 2 3 ), ( 1 1 ), ( 0 0 )
761, 95767572, ( 1452 1454 1464 ), ( 0 0 303 ), ( 1 2 3 ), ( 1 1 1 ), ( 0 0 0 )
762, 95767571, ( 1449 1451 1453 ), ( 0 0 303 ), ( 1 2 3 ), ( 1 1 1 ), ( 0 0 0 )
763, 95767570, ( 1446 1448 1450 ), ( 0 0 303 ), ( 1 2 3 ), ( 1 1 1 ), ( 0 0 0 )
764, 95767569, ( 1434 1445 1447 ), ( 0 0 303 ), ( 1 2 3 ), ( 1 1 1 ), ( 0 0 0 )
765, 95767568, ( 1431 1433 1444 ), ( 0 0 303 ), ( 1 2 3 ), ( 1 1 1 ), ( 0 0 0 )
766, 95767567, ( 1422 1430 1432 ), ( 0 0 303 ), ( 1 2 3 ), ( 1 1 1 ), ( 0 0 0 )
767, 95767566, ( 1413 1421 1429 ), ( 0 0 303 ), ( 1 2 3 ), ( 1 1 1 ), ( 0 0 0 )
768, 95767565, ( 1404 1412 1420 ), ( 0 0 303 ), ( 1 2 3 ), ( 1 1 1 ), ( 0 0 0 )
769, 3893253, ( 635 ), ( 0 ), ( 1 ), ( 1 ), ( 0 )
770, 95767564, ( 1398 1403 1411 ), ( 0 0 303 ), ( 1 2 3 ), ( 1 1 1 ), ( 0 0 0 )
771, 3893252, ( 629 ), ( 0 ), ( 1 ), ( 1 ), ( 0 )
772, 95767563, ( 1392 1397 1402 ), ( 0 0 303 ), ( 1 2 3 ), ( 1 1 1 ), ( 0 0 0 )
773, 3893251, ( 626 634 ), ( 0 0 ), ( 1 2 ), ( 1 1 ), ( 0 0 )
774, 95767562, ( 1389 1391 1396 ), ( 0 0 303 ), ( 1 2 3 ), ( 1 1 1 ), ( 0 0 0 )
775, 3893250, ( 623 628 ), ( 0 0 ), ( 1 2 ), ( 1 1 ), ( 0 0 )
776, 95767561, ( 1386 1388 1390 ), ( 0 0 303 ), ( 1 2 3 ), ( 1 1 1 ), ( 0 0 0 )
777, 3893249, ( 617 625 633 ), ( 0 0 311 ), ( 1 2 3 ), ( 1 1 1 ), ( 0 0 0 )
778, 95767560, ( 1383 1385 1387 ), ( 0 0 303 ), ( 1 2 3 ), ( 1 1 1 ), ( 0 0 0 )
779, 3893248, ( 611 622 627 ), ( 0 0 311 ), ( 1 2 3 ), ( 1 1 1 ), ( 0 0 0 )
780, 95767559, ( 1380 1382 1384 ), ( 0 0 303 ), ( 1 2 3 ), ( 1 1 1 ), ( 0 0 0 )
781, 3893246, ( 605 610 621 ), ( 0 0 311 ), ( 1 2 3 ), ( 1 1 1 ), ( 0 0 0 )
782, 95767557, ( 1371 1376 1378 ), ( 0 0 303 ), ( 1 2 3 ), ( 1 1 1 ), ( 0 0 0 )
783, 3893244, ( 593 604 609 ), ( 0 0 311 ), ( 1 2 3 ), ( 1 1 1 ), ( 0 0 0 )
784, 95767555, ( 1369 ), ( 303 ), ( 3 ), ( 1 ), ( 0 )
785, 3893247, ( 608 616 624 ), ( 0 0 311 ), ( 1 2 3 ), ( 1 1 1 ), ( 0 0 0 )
786, 95767558, ( 1377 1379 1381 ), ( 0 0 303 ), ( 1 2 3 ), ( 1 1 1 ), ( 0 0 0 )
787, 3893245, ( 599 607 615 ), ( 0 0 311 ), ( 1 2 3 ), ( 1 1 1 ), ( 0 0 0 )
788, 95767556, ( 1370 1375 ), ( 0 303 ), ( 2 3 ), ( 1 1 ), ( 0 0 )
789, 3893243, ( 590 598 606 ), ( 0 0 311 ), ( 1 2 3 ), ( 1 1 1 ), ( 0 0 0 )
790, 3893240, ( 575 586 591 ), ( 0 0 311 ), ( 1 2 3 ), ( 1 1 1 ), ( 0 0 0 )
791, 3893239, ( 572 580 588 ), ( 0 0 311 ), ( 1 2 3 ), ( 1 1 1 ), ( 0 0 0 )
792, 3893238, ( 569 574 585 ), ( 0 0 311 ), ( 1 2 3 ), ( 1 1 1 ), ( 0 0 0 )
793, 3893237, ( 563 571 579 ), ( 0 0 311 ), ( 1 2 3 ), ( 1 1 1 ), ( 0 0 0 )
794, 3893235, ( 554 562 570 ), ( 0 0 311 ), ( 1 2 3 ), ( 1 1 1 ), ( 0 0 0 )
795, 3893234, ( 551 556 567 ), ( 0 0 311 ), ( 1 2 3 ), ( 1 1 1 ), ( 0 0 0 )
796, 3893233, ( 545 553 561 ), ( 0 0 311 ), ( 1 2 3 ), ( 1 1 1 ), ( 0 0 0 )
797, 3893229, ( 527 535 543 ), ( 0 0 311 ), ( 1 2 3 ), ( 1 1 1 ), ( 0 0 0 )
798, 3893228, ( 521 532 537 ), ( 0 0 311 ), ( 1 2 3 ), ( 1 1 1 ), ( 0 0 0 )
799, 3893227, ( 518 526 534 ), ( 0 0 311 ), ( 1 2 3 ), ( 1 1 1 ), ( 0 0 0 )
800, 81110621, ( 1132 1141 ), ( 306 306 ), ( 3 3 ), ( 1 1 ), ( 0 0 )
801, 81110616, ( 1116 ), ( 0 ), ( 1 ), ( 1 ), ( 0 )
802, 81110619, ( 1131 ), ( 0 ), ( 1 ), ( 1 ), ( 0 )
803, 81110617, ( 1129 ), ( 306 ), ( 3 ), ( 1 ), ( 0 )
804, 81110615, ( 1110 1122 ), ( 0 0 ), ( 1 1 ), ( 1 1 ), ( 0 0 )
805, 81110622, ( 1142 ), ( 0 ), ( 2 ), ( 1 ), ( 0 )
806, 81110612, ( 1114 ), ( 306 ), ( 3 ), ( 1 ), ( 0 )
807, 81110611, ( 1108 ), ( 306 ), ( 3 ), ( 1 ), ( 0 )
808, 81110618, ( 1130 ), ( 0 ), ( 2 ), ( 1 ), ( 0 )
809, 81110608, ( 1104 ), ( 0 ), ( 1 ), ( 1 ), ( 0 )
810, 81110607, ( 1101 1103 ), ( 0 0 ), ( 1 2 ), ( 1 1 ), ( 0 0 )
811, 102833611, ( 31 ), ( 0 ), ( 1 ), ( 1 ), ( 0 )
812, 102833610, ( 30 ), ( 0 ), ( 2 ), ( 1 ), ( 0 )
813, 81110614, ( 1115 1121 ), ( 0 0 ), ( 2 2 ), ( 1 1 ), ( 0 0 )
814, 81110604, ( 1088 1090 ), ( 0 306 ), ( 2 3 ), ( 1 1 ), ( 0 0 )
815, 81110603, ( 1087 ), ( 306 ), ( 3 ), ( 1 ), ( 0 )
816, 102833609, ( 29 ), ( 306 ), ( 3 ), ( 1 ), ( 0 )
817, 102833608, ( 25 ), ( 0 ), ( 1 ), ( 1 ), ( 0 )
818, 81110600, ( 1077 ), ( 0 ), ( 1 ), ( 1 ), ( 0 )
819, 81110599, ( 1076 ), ( 0 ), ( 2 ), ( 1 ), ( 0 )
820, 102833607, ( 24 ), ( 0 ), ( 2 ), ( 1 ), ( 0 )
821, 102833606, ( 23 ), ( 306 ), ( 3 ), ( 1 ), ( 0 )
822, 81110606, ( 1092 1100 1102 ), ( 0 0 306 ), ( 1 2 3 ), ( 1 1 1 ), ( 0 0 0 )
823, 81110598, ( 1075 ), ( 306 ), ( 3 ), ( 1 ), ( 0 )
824, 104823838, ( 716 ), ( 0 ), ( 2 ), ( 1 ), ( 0 )
825, 104823830, ( 693 698 ), ( 0 0 ), ( 1 2 ), ( 1 1 ), ( 0 0 )
826, 104823826, ( 672 680 691 ), ( 0 0 311 ), ( 1 2 3 ), ( 1 1 1 ), ( 0 0 0 )
827, 104823822, ( 656 670 ), ( 0 311 ), ( 1 3 ), ( 1 1 ), ( 0 0 )
828, 104823821, ( 653 661 667 ), ( 0 0 311 ), ( 1 2 3 ), ( 1 1 1 ), ( 0 0 0 )
829, 104823815, ( 645 ), ( 311 ), ( 3 ), ( 1 ), ( 0 )
830, 127239720, ( 1245 1247 1249 ), ( 0 0 303 ), ( 1 2 3 ), ( 0 0 0 ), ( 0 0 0 )
831, 127239716, ( 1221 1226 1234 ), ( 0 0 303 ), ( 1 2 3 ), ( 0 0 0 ), ( 0 0 0 )
832, 65345074, ( 1523 ), ( 0 ), ( 1 ), ( 1 ), ( 0 )
833, 26212613, ( 367 ), ( 0 ), ( 1 ), ( 1 ), ( 0 )
834, 65345070, ( 1511 ), ( 0 ), ( 1 ), ( 1 ), ( 0 )
835, 26212612, ( 361 ), ( 0 ), ( 1 ), ( 1 ), ( 0 )
836, 65345069, ( 1510 ), ( 0 ), ( 2 ), ( 1 ), ( 0 )
837, 26212611, ( 358 366 ), ( 0 0 ), ( 1 2 ), ( 1 1 ), ( 0 0 )
838, 65345068, ( 1492 1503 1509 ), ( 0 306 306 ), ( 2 3 3 ), ( 1 1 1 ), ( 0 0 0 )
839, 104823837, ( 721 ), ( 311 ), ( 3 ), ( 1 ), ( 0 )
840, 104823833, ( 705 ), ( 0 ), ( 1 ), ( 1 ), ( 0 )
841, 104823832, ( 699 ), ( 0 ), ( 1 ), ( 1 ), ( 0 )
842, 104823839, ( 722 ), ( 0 ), ( 2 ), ( 1 ), ( 0 )
843, 104823835, ( 715 ), ( 311 ), ( 3 ), ( 1 ), ( 0 )
844, 104823831, ( 696 704 ), ( 0 0 ), ( 1 2 ), ( 1 1 ), ( 0 0 )
845, 104823829, ( 687 695 703 ), ( 0 0 311 ), ( 1 2 3 ), ( 1 1 1 ), ( 0 0 0 )
846, 104823828, ( 681 692 697 ), ( 0 0 311 ), ( 1 2 3 ), ( 1 1 1 ), ( 0 0 0 )
847, 104823827, ( 678 686 694 ), ( 0 0 311 ), ( 1 2 3 ), ( 1 1 1 ), ( 0 0 0 )
848, 104823825, ( 669 677 685 ), ( 0 0 311 ), ( 1 2 3 ), ( 1 1 1 ), ( 0 0 0 )
849, 104823824, ( 671 679 ), ( 0 311 ), ( 2 3 ), ( 1 1 ), ( 0 0 )
850, 104823823, ( 662 668 676 ), ( 0 0 311 ), ( 1 2 3 ), ( 1 1 1 ), ( 0 0 0 )
851, 104823820, ( 655 663 ), ( 0 311 ), ( 2 3 ), ( 1 1 ), ( 0 0 )
852, 104823819, ( 647 652 660 ), ( 0 0 311 ), ( 1 2 3 ), ( 1 1 1 ), ( 0 0 0 )
853, 104823818, ( 654 ), ( 311 ), ( 3 ), ( 1 ), ( 0 )
854, 104823817, ( 646 651 ), ( 0 311 ), ( 2 3 ), ( 1 1 ), ( 0 0 )
855, 99307134, ( 1660 ), ( 0 ), ( 1 ), ( 1 ), ( 0 )
856, 127239738, ( 1320 1328 1330 ), ( 0 0 303 ), ( 1 2 3 ), ( 0 0 0 ), ( 0 0 0 )
857, 99307133, ( 1657 1659 ), ( 0 0 ), ( 1 2 ), ( 1 1 ), ( 0 0 )
858, 127239737, ( 1317 1319 1327 ), ( 0 0 303 ), ( 1 2 3 ), ( 1 1 1 ), ( 0 0 0 )
859, 99307132, ( 1656 1658 ), ( 0 306 ), ( 2 3 ), ( 1 1 ), ( 0 0 )
860, 127239736, ( 1311 1316 1318 ), ( 0 0 303 ), ( 1 2 3 ), ( 1 1 1 ), ( 0 0 0 )
861, 99307131, ( 1651 1655 ), ( 0 306 ), ( 2 3 ), ( 1 1 ), ( 0 0 )
862, 127239735, ( 1308 1310 1315 ), ( 0 0 303 ), ( 1 2 3 ), ( 0 0 0 ), ( 0 0 0 )
863, 99307130, ( 1650 ), ( 306 ), ( 3 ), ( 1 ), ( 0 )
864, 127239734, ( 1305 1307 1309 ), ( 0 0 303 ), ( 1 2 3 ), ( 0 0 0 ), ( 0 0 0 )
865, 127239733, ( 1302 1304 1306 ), ( 0 0 303 ), ( 1 2 3 ), ( 0 0 0 ), ( 0 0 0 )
866, 127239732, ( 1296 1301 1303 ), ( 0 0 303 ), ( 1 2 3 ), ( 1 1 1 ), ( 0 0 0 )
867, 127239731, ( 1290 1295 1300 ), ( 0 0 303 ), ( 1 2 3 ), ( 1 1 1 ), ( 0 0 0 )
868, 127239728, ( 1275 1277 1282 ), ( 0 0 303 ), ( 1 2 3 ), ( 0 0 0 ), ( 0 0 0 )
869, 127239724, ( 1260 1262 1267 ), ( 0 0 303 ), ( 1 2 3 ), ( 1 1 1 ), ( 0 0 0 )
870, 127239718, ( 1236 1238 1243 ), ( 0 0 303 ), ( 1 2 3 ), ( 0 0 0 ), ( 0 0 0 )
871, 127239714, ( 1212 1214 1219 ), ( 0 0 303 ), ( 1 2 3 ), ( 1 1 1 ), ( 0 0 0 )
872, 127239712, ( 1200 1208 1210 ), ( 0 0 303 ), ( 1 2 3 ), ( 0 0 0 ), ( 0 0 0 )
873, 127239717, ( 1227 1235 1237 ), ( 0 0 303 ), ( 1 2 3 ), ( 0 0 0 ), ( 0 0 0 )
874, 127239713, ( 1209 1211 1213 ), ( 0 0 303 ), ( 1 2 3 ), ( 0 0 0 ), ( 0 0 0 )
875, 94874197, ( 79 91 ), ( 0 0 ), ( 1 1 ), ( 1 1 ), ( 0 0 )
876, 65345096, ( 1565 ), ( 0 ), ( 1 ), ( 1 ), ( 0 )
877, 94874193, ( 77 ), ( 311 ), ( 3 ), ( 1 ), ( 0 )
878, 65345092, ( 1553 1564 ), ( 0 0 ), ( 1 2 ), ( 1 1 ), ( 0 0 )
879, 65345089, ( 1571 1573 ), ( 0 0 ), ( 1 2 ), ( 1 1 ), ( 0 0 )
880, 94874189, ( 64 ), ( 0 ), ( 1 ), ( 1 ), ( 0 )
881, 65345088, ( 1541 1552 1563 1570 1572 ), ( 0 0 306 0 306 ), ( 1 2 3 2 3 ), ( 1 1 1 1 1 ), ( 0 0 0 0 0 )
882, 65345085, ( 1558 ), ( 0 ), ( 2 ), ( 1 ), ( 0 )
883, 65345084, ( 1529 1540 1551 1557 ), ( 0 0 306 306 ), ( 1 2 3 3 ), ( 1 1 1 1 ), ( 0 0 0 0 )
884, 94874183, ( 54 ), ( 0 ), ( 2 ), ( 1 ), ( 0 )
885, 65345082, ( 1547 ), ( 0 ), ( 1 ), ( 1 ), ( 0 )
886, 94874182, ( 53 ), ( 311 ), ( 3 ), ( 1 ), ( 0 )
887, 65345081, ( 1546 ), ( 0 ), ( 2 ), ( 1 ), ( 0 )
888, 65345080, ( 1517 1528 1539 1545 ), ( 0 0 306 306 ), ( 1 2 3 3 ), ( 1 1 1 1 ), ( 0 0 0 0 )
889, 94874188, ( 63 ), ( 0 ), ( 2 ), ( 1 ), ( 0 )
890, 65345087, ( 1569 ), ( 306 ), ( 3 ), ( 1 ), ( 0 )
891, 65345077, ( 1534 ), ( 0 ), ( 2 ), ( 1 ), ( 0 )
892, 65345076, ( 1505 1516 1527 1533 ), ( 0 0 306 306 ), ( 1 2 3 3 ), ( 1 1 1 1 ), ( 0 0 0 0 )

